shape_id,shape_pt_lat,shape_pt_lon,shape_pt_sequence
53,39.32547,-82.10193,0
53,39.32531,-82.10152,1
53,39.32983,-82.10114,2
53,39.3306,-82.10106,3
53,39.3314,-82.10102,4
53,39.33225,-82.10094,5
53,39.33213,-82.09854,6
53,39.3321,-82.09814,7
53,39.33242,-82.09796,8
53,39.33357,-82.09716,9
53,39.3346,-82.09649,10
53,39.33507,-82.09613,11
53,39.33526,-82.09596,12
53,39.33539,-82.09587,13
53,39.33607,-82.09528,14
53,39.33715,-82.09412,15
53,39.33729,-82.09393,16
53,39.33735,-82.0938,17
53,39.33739,-82.09365,18
53,39.33741,-82.09344,19
53,39.33741,-82.09086,20
53,39.33743,-82.08715,21
53,39.33744,-82.08694,22
53,39.33744,-82.0848,23
53,39.33745,-82.0847,24
53,39.33741,-82.08455,25
53,39.33741,-82.08153,26
53,39.33745,-82.08026,27
53,39.33756,-82.07886,28
53,39.33759,-82.07824,29
53,39.33759,-82.07802,30
53,39.33755,-82.07732,31
53,39.337575,-82.077183,32
53,39.33729,-82.073748,33
53,39.337172,-82.072521,34
53,39.33701,-82.07011,35
53,39.336534,-82.064743000000007,36
53,39.335316,-82.06485,37
53,39.335368,-82.066158,38
53,39.335039,-82.066198,39
53,39.334906,-82.063021,40
53,39.336325,-82.063004,41
53,39.33616,-82.060776,42
53,39.336047,-82.05969,43
53,39.335974,-82.059238,44
53,39.335931,-82.058866,45
53,39.335841,-82.058414,46
53,39.33566,-82.05702,47
53,39.33467,-82.05175,48
53,39.33446,-82.05026,49
53,39.33436,-82.04873,50
53,39.33434,-82.04769,51
53,39.33434,-82.04092,52
53,39.33437,-82.0386,53
53,39.33436,-82.0312,54
53,39.33434,-82.03,55
53,39.33405,-82.02998,56
53,39.334022,-82.027775,57
53,39.333865,-82.027783,58
53,39.33387,-82.0288,59
53,39.33403,-82.0288,60
53,39.33405,-82.02998,61
53,39.33434,-82.03,62
53,39.33436,-82.0312,63
53,39.33437,-82.03575,64
53,39.33437,-82.0386,65
53,39.33434,-82.04092,66
53,39.33434,-82.04769,67
53,39.33436,-82.04873,68
53,39.33446,-82.05026,69
53,39.33467,-82.05175,70
53,39.33566,-82.05702,71
53,39.3359,-82.056912,72
53,39.336002,-82.056798,73
53,39.336673,-82.056588,74
53,39.33678,-82.05711,75
53,39.33676,-82.05696,76
53,39.33686,-82.05753,77
53,39.33699,-82.05791,78
53,39.337,-82.05798,79
53,39.33699,-82.05811,80
53,39.33696,-82.05816,81
53,39.33621,-82.05836,82
53,39.3359,-82.05846,83
53,39.33613,-82.059701,84
53,39.336256,-82.060739,85
53,39.3366,-82.06524,86
53,39.3367,-82.06523,87
53,39.3366,-82.06524,88
53,39.336906,-82.068603,89
53,39.337165,-82.072025,90
53,39.337426,-82.074907,91
53,39.337603,-82.077166,92
53,39.33765,-82.07726,93
53,39.33768,-82.07848,94
53,39.33767,-82.07874,95
53,39.33755,-82.08019,96
53,39.33751,-82.08158,97
53,39.33748,-82.08454,98
53,39.33745,-82.0847,99
53,39.33744,-82.08487,100
53,39.33744,-82.08694,101
53,39.33743,-82.08715,102
53,39.33741,-82.09086,103
53,39.33741,-82.09344,104
53,39.33738,-82.09371,105
53,39.33735,-82.0938,106
53,39.33726,-82.09398,107
53,39.33715,-82.09412,108
53,39.33659,-82.09473,109
53,39.33607,-82.09528,110
53,39.33539,-82.09587,111
53,39.33526,-82.09596,112
53,39.33507,-82.09613,113
53,39.3346,-82.09649,114
53,39.3337,-82.09707,115
53,39.33242,-82.09796,116
53,39.3321,-82.09814,117
53,39.33232,-82.10214,118
53,39.33236,-82.10235,119
53,39.33154,-82.10242,120
53,39.33099,-82.10241,121
53,39.32881,-82.10263,122
53,39.32841,-82.10264,123
53,39.32789,-82.10268,124
53,39.32762,-82.10273,125
53,39.32761,-82.10256,126
53,39.32709,-82.10261,127
53,39.32708,-82.10264,128
53,39.32702,-82.10269,129
53,39.32663,-82.10297,130
53,39.32639,-82.10307,131
53,39.32587,-82.10334,132
53,39.32546,-82.1036,133
53,39.32455,-82.10408,134
53,39.32407,-82.10423,135
53,39.3222,-82.10459,136
53,39.32089,-82.10499,137
53,39.32066,-82.10503,138
53,39.32008,-82.10522,139
53,39.31963,-82.10539,140
53,39.31949,-82.10549,141
53,39.31933,-82.10556,142
53,39.31931,-82.10561,143
53,39.31949,-82.10594,144
53,39.32001,-82.1066,145
53,39.32032,-82.10694,146
53,39.32058,-82.10729,147
53,39.32135,-82.10844,148
53,39.32273,-82.11055,149
53,39.32333,-82.11143,150
53,39.32303,-82.11157,151
53,39.32295,-82.11157,152
53,39.32284,-82.11153,153
53,39.32276,-82.11146,154
53,39.32259,-82.11118,155
53,39.32221,-82.11065,156
53,39.32204,-82.11048,157
53,39.3219,-82.11042,158
53,39.32172,-82.11042,159
53,39.32113,-82.1106,160
53,39.32089,-82.11064,161
53,39.32088,-82.11059,162
53,39.32079,-82.1104,163
53,39.32076,-82.11028,164
53,39.32066,-82.10951,165
53,39.32053,-82.10899,166
53,39.32039,-82.10856,167
53,39.32019,-82.10803,168
53,39.31991,-82.10747,169
53,39.3198,-82.10738,170
53,39.31969,-82.10735,171
53,39.31963,-82.10735,172
53,39.31954,-82.10737,173
53,39.31916,-82.10753,174
53,39.31905,-82.10761,175
53,39.31902,-82.10766,176
53,39.31898,-82.10782,177
53,39.31898,-82.10802,178
53,39.31904,-82.10831,179
53,39.31912,-82.10859,180
53,39.31919,-82.1088,181
53,39.31927,-82.10898,182
53,39.31936,-82.10928,183
53,39.31941,-82.10981,184
53,39.31945,-82.10998,185
53,39.31941,-82.10981,186
53,39.319874,-82.11129,187
53,39.31973,-82.11127,188
53,39.31957,-82.110941,189
53,39.319486,-82.110899,190
53,39.319371,-82.110909,191
53,39.319215,-82.1111,192
53,39.319055,-82.111142,193
53,39.318894,-82.111088,194
53,39.318748,-82.111124,195
53,39.318563,-82.111327,196
53,39.31831,-82.11147,197
53,39.31831,-82.11156,198
53,39.31829,-82.11161,199
53,39.31818,-82.11162,200
53,39.31816,-82.11136,201
53,39.31811,-82.11117,202
53,39.31799,-82.11082,203
53,39.31781,-82.10986,204
53,39.3175,-82.10785,205
53,39.31751,-82.1077,206
53,39.31756,-82.10744,207
53,39.31765,-82.10682,208
53,39.31771,-82.10656,209
53,39.31773,-82.10621,210
53,39.31772,-82.10596,211
53,39.31763,-82.10593,212
53,39.31738,-82.10593,213
53,39.31712,-82.10589,214
53,39.31675,-82.10577,215
53,39.3164,-82.10562,216
53,39.3157,-82.10522,217
53,39.31487,-82.10478,218
53,39.31466,-82.10464,219
53,39.31392,-82.10407,220
53,39.31373,-82.10397,221
53,39.31332,-82.10382,222
53,39.31235,-82.10363,223
53,39.31227,-82.10363,224
53,39.31174,-82.10488,225
53,39.31162,-82.10521,226
53,39.31157,-82.10569,227
53,39.31158,-82.10588,228
53,39.31163,-82.10615,229
53,39.31178,-82.10663,230
53,39.31178,-82.10685,231
53,39.311812,-82.10714,232
53,39.311602,-82.107185,233
53,39.311471,-82.107289,234
53,39.311143,-82.107357,235
53,39.311004,-82.10692,236
53,39.310898,-82.10671,237
53,39.311033,-82.106592,238
53,39.311277,-82.107228,239
53,39.311557,-82.107182,240
53,39.311768,-82.107057,241
53,39.311765,-82.10672,242
53,39.31158,-82.10588,243
53,39.31157,-82.10569,244
53,39.31162,-82.10521,245
53,39.31174,-82.10488,246
53,39.31227,-82.10363,247
53,39.31255,-82.10366,248
53,39.31332,-82.10382,249
53,39.31373,-82.10397,250
53,39.31392,-82.10407,251
53,39.31466,-82.10464,252
53,39.31487,-82.10478,253
53,39.31559,-82.10516,254
53,39.3164,-82.10562,255
53,39.31662,-82.10572,256
53,39.31701,-82.10586,257
53,39.31728,-82.10592,258
53,39.31752,-82.10594,259
53,39.3176,-82.10594,260
53,39.31771,-82.10588,261
53,39.31833,-82.10578,262
53,39.31861,-82.10572,263
53,39.3188,-82.10566,264
53,39.31886,-82.10563,265
53,39.31899,-82.10549,266
53,39.31899,-82.10543,267
53,39.31901,-82.10537,268
53,39.31909,-82.10528,269
53,39.31913,-82.10526,270
53,39.31922,-82.10527,271
53,39.3193,-82.10535,272
53,39.31963,-82.10539,273
53,39.32008,-82.10522,274
53,39.32066,-82.10503,275
53,39.32089,-82.10499,276
53,39.3222,-82.10459,277
53,39.32407,-82.10423,278
53,39.32424,-82.10418,279
53,39.32407,-82.10423,280
53,39.3222,-82.10459,281
53,39.32089,-82.10499,282
53,39.32066,-82.10503,283
53,39.32008,-82.10522,284
53,39.31963,-82.10539,285
53,39.31949,-82.10549,286
53,39.31933,-82.10556,287
53,39.31931,-82.10561,288
53,39.31949,-82.10594,289
53,39.3196,-82.10609,290
53,39.32001,-82.1066,291
53,39.32032,-82.10694,292
53,39.32058,-82.10729,293
53,39.32273,-82.11055,294
54,39.295687,-82.111918,0
54,39.295961,-82.112347,1
54,39.29609,-82.112605,2
54,39.296148,-82.112777,3
54,39.29626,-82.113243,4
54,39.296326,-82.113372,5
54,39.296418,-82.113485,6
54,39.2966,-82.113597,7
54,39.296712,-82.113613,8
54,39.297086,-82.113608,9
54,39.297206,-82.11364,10
54,39.297339,-82.113699,11
54,39.297505,-82.113801,12
54,39.297713,-82.113957,13
54,39.297767,-82.113925,14
54,39.298601,-82.112814,15
54,39.299137,-82.111988,16
54,39.300428,-82.109435,17
54,39.301129,-82.108088,18
54,39.301964,-82.106388,19
54,39.302653,-82.105073,20
54,39.303126,-82.104092,21
54,39.303641,-82.103287,22
54,39.303769,-82.103164,23
54,39.303931,-82.103067,24
54,39.304023,-82.10304,25
54,39.304106,-82.10304,26
54,39.304226,-82.103067,27
54,39.305666,-82.103518,28
54,39.30621,-82.103668,29
54,39.307115,-82.103963,30
54,39.308468,-82.104526,31
54,39.308672,-82.104591,32
54,39.308775,-82.104607,33
54,39.308958,-82.104612,34
54,39.309145,-82.104585,35
54,39.309427,-82.104494,36
54,39.310357,-82.104113,37
54,39.311228,-82.103727,38
54,39.311623,-82.103593,39
54,39.311884,-82.103528,40
54,39.312444,-82.103566,41
54,39.312876,-82.103646,42
54,39.313453,-82.103802,43
54,39.313835,-82.103958,44
54,39.314528,-82.104489,45
54,39.315644,-82.105148,46
54,39.316611,-82.105653,47
54,39.316836,-82.105755,48
54,39.317213,-82.105878,49
54,39.317512,-82.105921,50
54,39.317728,-82.105905,51
54,39.317993,-82.10584,52
54,39.318803,-82.105685,53
54,39.318894,-82.105642,54
54,39.31906,-82.105347,55
54,39.319106,-82.105293,56
54,39.31923,-82.105293,57
54,39.319396,-82.105379,58
54,39.319479,-82.105395,59
54,39.319691,-82.10539,60
54,39.320828,-82.105004,61
54,39.322368,-82.104515,62
54,39.323139,-82.104392,63
54,39.324177,-82.104194,64
54,39.324629,-82.104011,65
54,39.325638,-82.103518,66
54,39.326285,-82.103174,67
54,39.326351,-82.103083,68
54,39.326355,-82.102981,69
54,39.326331,-82.102901,70
54,39.326082,-82.102697,71
54,39.325629,-82.102219,72
54,39.325492,-82.10201,73
54,39.325368,-82.101619,74
54,39.325393,-82.101549,75
54,39.32675,-82.101388,76
54,39.327519,-82.101314,77
54,39.329188,-82.101173,78
54,39.331136,-82.100974,79
54,39.332249,-82.100904,80
54,39.332192,-82.099837,81
54,39.332082,-82.098185,82
54,39.332123,-82.098046,83
54,39.333473,-82.097168,84
54,39.334267,-82.096627,85
54,39.335066,-82.096055,86
54,39.336592,-82.094697,87
54,39.336721,-82.094564,88
54,39.337198,-82.094007,89
54,39.337289,-82.093846,90
54,39.337347,-82.093674,91
54,39.337372,-82.093475,92
54,39.337388,-82.092762,93
54,39.337409,-82.085531,94
54,39.337368,-82.082387,95
54,39.337372,-82.081931,96
54,39.337422,-82.0803,97
54,39.337492,-82.079448,98
54,39.337554,-82.078444,99
54,39.337555,-82.077078,100
54,39.337533,-82.076851,101
54,39.337534,-82.07665,102
54,39.33728,-82.073708,103
54,39.337131,-82.072672,104
54,39.336974,-82.070065,105
54,39.336911,-82.069405,106
54,39.336849,-82.069121,107
54,39.336853,-82.068933,108
54,39.336492,-82.064915,109
54,39.336368,-82.064813,110
54,39.335475,-82.06485,111
54,39.335536,-82.066154,112
54,39.335297,-82.066203,113
54,39.335012,-82.066194,114
54,39.334891,-82.062995,115
54,39.336351,-82.063022,116
54,39.336106,-82.060447,117
54,39.335866,-82.058693,118
54,39.335588,-82.057046,119
54,39.335846,-82.056925,120
54,39.335999,-82.056808,121
54,39.336311,-82.056716,122
54,39.336648,-82.05659,123
54,39.336882,-82.057555,124
54,39.336994,-82.057743,125
54,39.337061,-82.058161,126
54,39.33604,-82.058451,127
54,39.335982,-82.058596,128
54,39.336156,-82.059814,129
54,39.336256,-82.060656,130
54,39.336372,-82.061836,131
54,39.336957,-82.068644,132
54,39.337086,-82.070274,133
54,39.337156,-82.071481,134
54,39.337567,-82.076449,135
54,39.337675,-82.077468,136
54,39.337696,-82.077935,137
54,39.337687,-82.078557,138
54,39.337633,-82.079292,139
54,39.337542,-82.080896,140
54,39.337517,-82.082124,141
54,39.337525,-82.082661,142
54,39.337455,-82.084908,143
54,39.337418,-82.093631,144
54,39.337347,-82.093856,145
54,39.337239,-82.094033,146
54,39.337086,-82.094221,147
54,39.336638,-82.094709,148
54,39.335119,-82.096061,149
54,39.334663,-82.096415,150
54,39.332198,-82.098089,151
54,39.332127,-82.098212,152
54,39.332273,-82.100766,153
54,39.33231,-82.102241,154
54,39.332248,-82.102321,155
54,39.331094,-82.102434,156
54,39.330517,-82.102455,157
54,39.328899,-82.102643,158
54,39.32775,-82.102713,159
54,39.32753,-82.102584,160
54,39.327173,-82.102584,161
54,39.326762,-82.102869,162
54,39.326455,-82.103131,163
54,39.32565,-82.103566,164
54,39.324646,-82.104081,165
54,39.324181,-82.104247,166
54,39.323911,-82.104322,167
54,39.322376,-82.104612,168
54,39.320845,-82.105073,169
54,39.320272,-82.105272,170
54,39.319496,-82.105502,171
54,39.319387999999996,-82.105594,172
54,39.319305,-82.105696,173
54,39.319164,-82.105744,174
54,39.319097,-82.105739,175
54,39.319027,-82.105706,176
54,39.318496,-82.105846,177
54,39.317728,-82.105958,178
54,39.317512,-82.105975,179
54,39.317213,-82.105937,180
54,39.316823,-82.105824,181
54,39.315624,-82.105207,182
54,39.314503,-82.104537,183
54,39.313814,-82.104011,184
54,39.313615,-82.103909,185
54,39.313453,-82.10385,186
54,39.312876,-82.103721,187
54,39.312258,-82.103646,188
54,39.312187,-82.103721,189
54,39.311685,-82.104982,190
54,39.311623,-82.105165,191
54,39.311589,-82.105363,192
54,39.311577,-82.105524,193
54,39.311594,-82.105765,194
54,39.311677,-82.106254,195
54,39.311743,-82.106532,196
54,39.311772,-82.106817,197
54,39.311768,-82.107053,198
54,39.311722,-82.107117,199
54,39.311179,-82.107369,200
54,39.310901,-82.106689,201
54,39.310947,-82.106657,202
54,39.311025,-82.106611,203
54,39.311282,-82.107246,204
54,39.31137,-82.107246,205
54,39.311697,-82.107085,206
54,39.311747,-82.107021,207
54,39.311718,-82.106575,208
54,39.311565,-82.105878,209
54,39.311544,-82.105551,210
54,39.311552,-82.105384,211
54,39.311598,-82.105148,212
54,39.311656,-82.104966,213
54,39.312154,-82.103727,214
54,39.312142,-82.103614,215
54,39.311888,-82.103598,216
54,39.311444,-82.103695,217
54,39.309431,-82.104553,218
54,39.308954,-82.104655,219
54,39.308663,-82.104639,220
54,39.308456,-82.104574,221
54,39.307111,-82.104022,222
54,39.306185,-82.103727,223
54,39.304998,-82.103378,224
54,39.304218,-82.103121,225
54,39.304106,-82.103099,226
54,39.303956,-82.103121,227
54,39.303811,-82.103217,228
54,39.303686,-82.103341,229
54,39.303184,-82.104118,230
54,39.301843,-82.106752,231
54,39.301677,-82.107139,232
54,39.301178,-82.10813,233
54,39.30093,-82.108689,234
54,39.300507,-82.109483,235
54,39.299498,-82.111457,236
54,39.299187,-82.112031,237
54,39.298668,-82.112889,238
54,39.297788,-82.114075,239
54,39.297489,-82.113839,240
54,39.297202,-82.113689,241
54,39.297082,-82.113656,242
54,39.296708,-82.113656,243
54,39.296588,-82.113635,244
54,39.296492,-82.113587,245
54,39.296405,-82.113522,246
54,39.29631,-82.113415,247
54,39.296239,-82.11327,248
54,39.296115,-82.112782,249
54,39.295998,-82.112476,250
54,39.29594,-82.112358,251
54,39.295654,-82.111951,252
55,39.33555,-82.11211,0
55,39.335551,-82.112652,1
55,39.336202,-82.11255,2
55,39.336854,-82.112425,3
55,39.33677,-82.11128,4
55,39.33582,-82.11137,5
55,39.33468,-82.11151,6
55,39.3342,-82.11154,7
55,39.33336,-82.11164,8
55,39.33312,-82.11049,9
55,39.33309,-82.11039,10
55,39.33263,-82.11044,11
55,39.33225,-82.11046,12
55,39.33219,-82.11053,13
55,39.33208,-82.1105,14
55,39.33168,-82.11053,15
55,39.33119,-82.1106,16
55,39.3298,-82.11073,17
55,39.32961,-82.11077,18
55,39.32603,-82.11113,19
55,39.32582,-82.11114,20
55,39.32552,-82.11111,21
55,39.32538,-82.11107,22
55,39.32513,-82.11094,23
55,39.32495,-82.11082,24
55,39.32477,-82.11065,25
55,39.3246,-82.11043,26
55,39.32398,-82.10957,27
55,39.32283,-82.10793,28
55,39.32264,-82.10763,29
55,39.32255,-82.10745,30
55,39.32246,-82.10719,31
55,39.32239,-82.10686,32
55,39.32232,-82.10603,33
55,39.32232,-82.10587,34
55,39.32228,-82.10561,35
55,39.3222,-82.10459,36
55,39.32212,-82.104305,37
55,39.322157,-82.103568,38
55,39.322044,-82.103479,39
55,39.322091,-82.103177,40
55,39.322028,-82.102579,41
55,39.322064,-82.102655,42
55,39.321864,-82.101995,43
55,39.321793,-82.10085,44
55,39.321901,-82.100292,45
55,39.322065,-82.099782,46
55,39.322126,-82.09935,47
55,39.322023,-82.098557,48
55,39.322481,-82.098444,49
55,39.32271,-82.09843,50
55,39.322906,-82.098545,51
55,39.323028,-82.099012,52
55,39.323044,-82.099146,53
55,39.323286,-82.099186,54
55,39.32371,-82.09914,55
55,39.32355,-82.09723,56
55,39.32355,-82.09702,57
55,39.32357,-82.0969,58
55,39.32361,-82.09678,59
55,39.32376,-82.09651,60
55,39.3239,-82.09635,61
55,39.32418,-82.09612,62
55,39.32442,-82.09596,63
55,39.32443,-82.09597,64
55,39.32474,-82.09578,65
55,39.32495,-82.09567,66
55,39.32542,-82.09546,67
55,39.32556,-82.09541,68
55,39.32567,-82.09539,69
55,39.32596,-82.09538,70
55,39.3273,-82.09527,71
55,39.32907,-82.0951,72
55,39.32959,-82.09509,73
55,39.32963,-82.0956,74
55,39.33147,-82.09541,75
55,39.33231,-82.09534,76
55,39.33243,-82.09395,77
55,39.33245,-82.09354,78
55,39.332405,-82.092139,79
55,39.332616,-82.092126,80
55,39.33281,-82.09214,81
55,39.33329,-82.09209,82
55,39.33316,-82.08999,83
55,39.33311,-82.08889,84
55,39.33308,-82.08854,85
55,39.33309,-82.08847,86
55,39.3352,-82.08828,87
55,39.33509,-82.08596,88
55,39.33504,-82.08523,89
55,39.33503,-82.08492,90
55,39.33506,-82.08472,91
55,39.33741,-82.08455,92
55,39.33741,-82.08153,93
55,39.33745,-82.08026,94
55,39.33756,-82.07886,95
55,39.33759,-82.07824,96
55,39.33759,-82.07802,97
55,39.33755,-82.07732,98
55,39.33755,-82.07728,99
55,39.33759,-82.07719,100
55,39.33731,-82.07374,101
55,39.33711,-82.07159,102
55,39.33655,-82.0647,103
55,39.33584,-82.06477,104
55,39.33584,-82.06483,105
55,39.33531,-82.06486,106
55,39.33537,-82.06617,107
55,39.335023,-82.066195,108
55,39.334889,-82.062994,109
55,39.33641,-82.06303,110
55,39.33621,-82.06076,111
55,39.33608,-82.05969,112
55,39.33582,-82.05795,113
55,39.33566,-82.05702,114
55,39.335866,-82.05692,115
55,39.336012,-82.056785,116
55,39.336459,-82.056682,117
55,39.336684,-82.056606,118
55,39.33686,-82.05753,119
55,39.33699,-82.05791,120
55,39.337,-82.05803,121
55,39.33698,-82.05814,122
55,39.33696,-82.05816,123
55,39.33621,-82.05836,124
55,39.3359,-82.05846,125
55,39.33608,-82.05969,126
55,39.33621,-82.06076,127
55,39.3366,-82.06524,128
55,39.3367,-82.06523,129
55,39.3366,-82.06524,130
55,39.33711,-82.07159,131
55,39.33741,-82.07491,132
55,39.3375,-82.07618,133
55,39.33755,-82.07666,134
55,39.33758,-82.07711,135
55,39.33759,-82.07719,136
55,39.33765,-82.07726,137
55,39.33768,-82.07848,138
55,39.33767,-82.07874,139
55,39.33755,-82.08019,140
55,39.33751,-82.08158,141
55,39.33748,-82.08454,142
55,39.33506,-82.08472,143
55,39.33503,-82.08492,144
55,39.33504,-82.08523,145
55,39.33509,-82.08596,146
55,39.3352,-82.08828,147
55,39.33309,-82.08847,148
55,39.33308,-82.08854,149
55,39.33311,-82.08889,150
55,39.33316,-82.08999,151
55,39.33329,-82.09209,152
55,39.332351,-82.092129,153
55,39.33242,-82.093537,154
55,39.332294,-82.095294,155
55,39.329695,-82.095529,156
55,39.329577,-82.095055,157
55,39.3273,-82.09527,158
55,39.32596,-82.09538,159
55,39.32577,-82.09538,160
55,39.32556,-82.09541,161
55,39.32495,-82.09567,162
55,39.32474,-82.09578,163
55,39.32443,-82.09597,164
55,39.32442,-82.09596,165
55,39.32418,-82.09612,166
55,39.3239,-82.09635,167
55,39.32376,-82.09651,168
55,39.32361,-82.09678,169
55,39.32357,-82.0969,170
55,39.32355,-82.09702,171
55,39.32357,-82.09755,172
55,39.32371,-82.09914,173
55,39.323643,-82.09922,174
55,39.323502,-82.099236,175
55,39.323244,-82.099193,176
55,39.323096,-82.099199,177
55,39.32296,-82.09861,178
55,39.32267,-82.098417,179
55,39.322022,-82.098582,180
55,39.322046,-82.099122,181
55,39.322141,-82.099309,182
55,39.321794,-82.100885,183
55,39.321925,-82.102313,184
55,39.322002,-82.102471,185
55,39.322075,-82.102801,186
55,39.322065,-82.103067,187
55,39.322116,-82.103842,188
55,39.322102,-82.10334,189
55,39.322111,-82.103657,190
55,39.322068,-82.103898,191
55,39.322133,-82.103972,192
55,39.322169,-82.104187,193
55,39.322166,-82.104386,194
55,39.322254,-82.104627,195
55,39.322331,-82.105984,196
55,39.322367,-82.106272,197
55,39.32241,-82.106998,198
55,39.3227,-82.107742,199
55,39.322812,-82.107852,200
55,39.322902,-82.108024,201
55,39.323193,-82.108412,202
55,39.32324,-82.10853,203
55,39.323333,-82.108623,204
55,39.323447,-82.108858,205
55,39.323532,-82.108927,206
55,39.323627,-82.109073,207
55,39.323848,-82.109345,208
55,39.323931,-82.109504,209
55,39.324127,-82.109793,210
55,39.32423,-82.109903,211
55,39.324269,-82.109987,212
55,39.324365,-82.110088,213
55,39.324493,-82.110299,214
55,39.325066,-82.110887,215
55,39.325677,-82.111131,216
55,39.3269,-82.11104,217
55,39.32953,-82.11078,218
55,39.3298,-82.11073,219
55,39.33119,-82.1106,220
55,39.33168,-82.11053,221
55,39.33208,-82.1105,222
55,39.33219,-82.11053,223
55,39.33225,-82.11046,224
55,39.33263,-82.11044,225
55,39.33309,-82.11039,226
55,39.333196,-82.11081,227
55,39.33337,-82.111636,228
55,39.334087,-82.111562,229
55,39.334277,-82.11152,230
55,39.334347,-82.11152,231
55,39.3344,-82.111541,232
55,39.334716,-82.111526,233
55,39.334833,-82.111489,234
55,39.335016,-82.111466,235
55,39.335076,-82.111434,236
55,39.335251,-82.111419,237
55,39.335308,-82.11143,238
55,39.335411,-82.1114,239
55,39.3355,-82.11141,240
55,39.335558,-82.112651,241
55,39.33555,-82.11219,242
55,39.335563,-82.11262,243
56,39.325438,-82.101882,0
56,39.325389,-82.101667,1
56,39.325422,-82.101496,2
56,39.329188,-82.101173,3
56,39.33076,-82.101011,4
56,39.33214,-82.100953,5
56,39.332281,-82.101045,6
56,39.332347,-82.102203,7
56,39.332513,-82.103094,8
56,39.33253,-82.103249,9
56,39.332538,-82.10341,10
56,39.332526,-82.104247,11
56,39.332559,-82.104456,12
56,39.332609,-82.104591,13
56,39.332696,-82.104709,14
56,39.332812,-82.104794,15
56,39.332999,-82.10488,16
56,39.333132,-82.104912,17
56,39.333318,-82.104896,18
56,39.334347,-82.104714,19
56,39.33497,-82.104628,20
56,39.337928,-82.10436,21
56,39.338463,-82.104258,22
56,39.338695,-82.104172,23
56,39.338919,-82.104065,24
56,39.339401,-82.103775,25
56,39.339915,-82.103325,26
56,39.340289,-82.102874,27
56,39.340587,-82.102439,28
56,39.340762,-82.102101,29
56,39.340911,-82.101737,30
56,39.341052,-82.101329,31
56,39.341562,-82.099752,32
56,39.341678,-82.099494000000007,33
56,39.342114,-82.09862,34
56,39.342288,-82.09833,35
56,39.342558,-82.097928,36
56,39.342981,-82.097386,37
56,39.343421,-82.096909,38
56,39.343931,-82.096474,39
56,39.344367,-82.096168,40
56,39.344736,-82.095954,41
56,39.345279,-82.095691,42
56,39.345624,-82.095562,43
56,39.346192,-82.095407,44
56,39.346524,-82.095342,45
56,39.34737,-82.095289,46
56,39.347926,-82.095337,47
56,39.348208,-82.09538,48
56,39.348677,-82.095498,49
56,39.348963,-82.0956,50
56,39.349469,-82.095825,51
56,39.349768,-82.095981,52
56,39.350183,-82.096244,53
56,39.350473,-82.096453,54
56,39.35071,-82.09664,55
56,39.35122,-82.097113,56
56,39.357176,-82.103577,57
56,39.358806,-82.105245,58
56,39.359174,-82.105556000000007,59
56,39.359379,-82.105709,60
56,39.359697,-82.105913,61
56,39.360114,-82.106104,62
56,39.360983,-82.106249,63
56,39.361429,-82.106189,64
56,39.361536,-82.106363,65
56,39.361726,-82.107209,66
56,39.361857,-82.107614,67
56,39.362009,-82.107995,68
56,39.362483,-82.109029,69
56,39.362558,-82.10928,70
56,39.365588,-82.115084,71
56,39.365979,-82.115873,72
56,39.367446,-82.118666,73
56,39.367814,-82.119309,74
56,39.367986,-82.119667,75
56,39.368481,-82.120623,76
56,39.368676,-82.120963,77
56,39.369213,-82.121807,78
56,39.369845,-82.122624,79
56,39.37009,-82.122917,80
56,39.372213,-82.125163,81
56,39.373497,-82.126551,82
56,39.377595,-82.130896,83
56,39.377943,-82.131281,84
56,39.379058,-82.132418,85
56,39.381323,-82.13482,86
56,39.381619,-82.134989,87
56,39.382205,-82.135391,88
56,39.382398,-82.135482,89
56,39.38265,-82.135536,90
56,39.383118,-82.13557,91
56,39.383248,-82.135653,92
56,39.383359,-82.13579,93
56,39.383402,-82.135913,94
56,39.383439,-82.136117,95
56,39.383398,-82.136208,96
56,39.382735,-82.136149,97
56,39.381404,-82.136096,98
56,39.380815,-82.136037,99
56,39.379683,-82.135763,100
56,39.378269,-82.135313,101
56,39.377398,-82.135012,102
56,39.375325,-82.134342,103
56,39.375221,-82.134368,104
56,39.375101,-82.135275,105
56,39.37508,-82.135533,106
56,39.374978,-82.135643,107
56,39.374748,-82.135699,108
56,39.373886,-82.135382,109
56,39.374118,-82.134143,110
56,39.374161,-82.133972,111
56,39.369206,-82.132346,112
56,39.369596,-82.138184999999993,113
56,39.369641,-82.138682,114
56,39.369855,-82.139535,115
56,39.371373,-82.138832,116
56,39.372206,-82.141632,117
56,39.372219,-82.14183,118
56,39.37214,-82.141933,119
56,39.370846,-82.142892,120
56,39.370767,-82.142876,121
56,39.369627,-82.138756,122
56,39.369534,-82.137759,123
56,39.369181,-82.132328,124
56,39.369104,-82.132314,125
56,39.363622,-82.130549,126
56,39.36356,-82.130383,127
56,39.363398,-82.12799,128
56,39.363377,-82.127851,129
56,39.363327,-82.127711,130
56,39.361527,-82.12402,131
56,39.361465,-82.124015,132
56,39.361415,-82.124047,133
56,39.361241,-82.123693,134
56,39.361345,-82.123575,135
56,39.363352,-82.127631,136
56,39.363414,-82.127813,137
56,39.363443,-82.127969,138
56,39.363597,-82.130383,139
56,39.363464,-82.13049,140
56,39.3611,-82.129476,141
56,39.359354,-82.128698,142
56,39.359113,-82.128607,143
56,39.358869,-82.128564,144
56,39.358719,-82.128575,145
56,39.358529,-82.128596,146
56,39.358375,-82.128671,147
56,39.358188,-82.128789,148
56,39.358068,-82.128897,149
56,39.357935,-82.129036,150
56,39.357815,-82.129202,151
56,39.357002,-82.130613,152
56,39.356757,-82.130973,153
56,39.356625,-82.131123,154
56,39.356285,-82.131386,155
56,39.355559,-82.131724,156
56,39.355028,-82.132148,157
56,39.354451,-82.132695,158
56,39.353866,-82.133279,159
56,39.353655,-82.133451,160
56,39.351759,-82.134728,161
56,39.35056,-82.13557,162
56,39.350353,-82.135731,163
56,39.350121,-82.135946,164
56,39.34998,-82.136112,165
56,39.348926,-82.137464,166
56,39.348714,-82.137689,167
56,39.348611,-82.137775,168
56,39.348436,-82.137861,169
56,39.348071,-82.137968,170
56,39.346105,-82.138129,171
56,39.343952,-82.138279,172
56,39.343686,-82.138242,173
56,39.343429,-82.138172,174
56,39.343172,-82.138043,175
56,39.3406,-82.136332,176
56,39.33994,-82.135844,177
56,39.339749,-82.135731,178
56,39.339542,-82.13564,179
56,39.33921,-82.13557,180
56,39.337164,-82.135656,181
56,39.336808,-82.135608,182
56,39.336662,-82.135565,183
56,39.33643,-82.135452,184
56,39.336239,-82.135323,185
56,39.336102,-82.135205,186
56,39.335903,-82.134991,187
56,39.335804,-82.134846,188
56,39.335725,-82.134717,189
56,39.335401,-82.134041,190
56,39.335123,-82.133414,191
56,39.335011,-82.133199,192
56,39.334808,-82.132925,193
56,39.334563,-82.132673,194
56,39.333962,-82.132121,195
56,39.333962,-82.132065,196
56,39.333874,-82.13206,197
56,39.333227,-82.131643,198
56,39.333049,-82.131504,199
56,39.332849,-82.1313,200
56,39.330256,-82.127802,201
56,39.330202,-82.127663,202
56,39.330202,-82.127507,203
56,39.330509,-82.126907,204
56,39.330683,-82.126493,205
56,39.330762,-82.126268,206
56,39.330824,-82.126054,207
56,39.330932,-82.125587,208
56,39.330999,-82.125093,209
56,39.331044,-82.124353,210
56,39.331049,-82.122304,211
56,39.33104,-82.121837,212
56,39.331007,-82.121118,213
56,39.330916,-82.120464,214
56,39.330874,-82.120244,215
56,39.330808,-82.120024,216
56,39.330737,-82.119874,217
56,39.330306,-82.11915,218
56,39.33019,-82.118983,219
56,39.330115,-82.118812,220
56,39.330036,-82.118538,221
56,39.329995,-82.118104,222
56,39.329945,-82.117127,223
56,39.329866,-82.115936,224
56,39.3298,-82.115856,225
56,39.329272,-82.115921,226
56,39.329128,-82.116005,227
56,39.329002,-82.115978,228
56,39.32893,-82.115942,229
56,39.328912,-82.115839,230
56,39.328842,-82.115646,231
56,39.328031,-82.114244,232
56,39.327916,-82.114187,233
56,39.327434,-82.114225,234
56,39.327389,-82.114182,235
56,39.327352,-82.112824,236
56,39.328426,-82.112663,237
56,39.328465,-82.113458,238
56,39.328153,-82.11348,239
56,39.328116,-82.112728,240
56,39.32765,-82.112784,241
56,39.327758,-82.115003,242
56,39.327708,-82.115099,243
56,39.327505,-82.115121,244
56,39.327443,-82.115083,245
56,39.327414,-82.114279,246
56,39.327463,-82.114198,247
56,39.327924,-82.114139,248
56,39.328003,-82.114166,249
56,39.328069,-82.114257,250
56,39.328916,-82.115711,251
56,39.32897,-82.115743,252
56,39.329795,-82.115657,253
56,39.329841,-82.11555,254
56,39.329629,-82.111505,255
56,39.329605,-82.110824,256
56,39.329667,-82.110717,257
56,39.333032,-82.110373,258
56,39.333107,-82.110438,259
56,39.33353,-82.112492,260
56,39.333646,-82.113361,261
56,39.333663,-82.113678,262
56,39.333654,-82.11386,263
56,39.333696,-82.113951,264
56,39.333783,-82.113957,265
56,39.33387,-82.113994,266
56,39.333953,-82.114059,267
56,39.33414,-82.114246,268
56,39.334497,-82.114472,269
56,39.334517,-82.114697,270
56,39.334472,-82.11481,271
56,39.33419,-82.11481,272
56,39.334169,-82.114327,273
56,39.334123,-82.114268,274
56,39.333891,-82.114048,275
56,39.333787,-82.114,276
56,39.333704,-82.113989,277
56,39.333625,-82.113946,278
56,39.333609,-82.113367,279
56,39.333559,-82.112878,280
56,39.333328,-82.111601,281
56,39.333092,-82.110478,282
56,39.333036,-82.110422,283
56,39.332244,-82.110513,284
56,39.329692,-82.110754,285
56,39.329605,-82.110685,286
56,39.32941,-82.107562,287
56,39.329343,-82.107305,288
56,39.329351,-82.107069,289
56,39.329277,-82.105696,290
56,39.329219,-82.105433,291
56,39.329161,-82.105283,292
56,39.329078,-82.105148,293
56,39.327692,-82.103555,294
56,39.327642,-82.103453,295
56,39.327617,-82.103357,296
56,39.327613,-82.10274,297
56,39.327538,-82.102606,298
56,39.327426,-82.102574,299
56,39.327123,-82.102595,300
56,39.326638,-82.103003,301
56,39.326488,-82.103051,302
56,39.326418,-82.103019,303
56,39.325725,-82.102337,304
56,39.32565,-82.102246,305
56,39.32548,-82.101967,306
57,39.325534,-82.102069,0
57,39.325542,-82.102062,1
57,39.325294,-82.101503,2
57,39.329188,-82.101173,3
57,39.331136,-82.100974,4
57,39.332249,-82.100904,5
57,39.332287,-82.101659,6
57,39.332335,-82.102304,7
57,39.32926,-82.102563,8
57,39.329039,-82.102601,9
57,39.328419,-82.102657,10
57,39.327876,-82.1027,11
57,39.327613,-82.102702,12
57,39.327617,-82.103348,13
57,39.327661,-82.103476,14
57,39.32902,-82.105043,15
57,39.329136,-82.105208,16
57,39.329264,-82.10552,17
57,39.329293,-82.105723,18
57,39.329303,-82.106081,19
57,39.329386,-82.107076,20
57,39.329495,-82.107298,21
57,39.329444,-82.107493,22
57,39.329601,-82.110756,23
57,39.329777,-82.110717,24
57,39.330269,-82.110659,25
57,39.331249,-82.110563,26
57,39.331843,-82.110512,27
57,39.332054,-82.110529,28
57,39.332248,-82.110482,29
57,39.333074,-82.110388,30
57,39.333328,-82.111601,31
57,39.335497,-82.111402,32
57,39.335567,-82.112607,33
57,39.336829,-82.112489,34
57,39.336811,-82.112026,35
57,39.336759,-82.111289,36
57,39.335817,-82.111364,37
57,39.334658,-82.111487,38
57,39.33418,-82.111516,39
57,39.333328,-82.111601,40
57,39.333074,-82.110388,41
57,39.332248,-82.110482,42
57,39.332054,-82.110529,43
57,39.331843,-82.110512,44
57,39.331067,-82.110581,45
57,39.329777,-82.110717,46
57,39.329601,-82.110756,47
57,39.329727,-82.112726,48
57,39.329899,-82.115846,49
57,39.329272,-82.115921,50
57,39.329128,-82.116005,51
57,39.32893,-82.115942,52
57,39.328912,-82.115839,53
57,39.328842,-82.115646,54
57,39.328022,-82.11423,55
57,39.327954,-82.114166,56
57,39.327712,-82.11418,57
57,39.327762,-82.114976,58
57,39.327729,-82.115089,59
57,39.327497,-82.115126,60
57,39.327459,-82.115078,61
57,39.327335,-82.112868,62
57,39.327385,-82.11283,63
57,39.328434,-82.11274,64
57,39.328475,-82.113436,65
57,39.328122,-82.11345,66
57,39.328098,-82.112791,67
57,39.327647,-82.112836,68
57,39.327704,-82.114185,69
57,39.3279,-82.11416,70
57,39.327954,-82.114166,71
57,39.327999,-82.114193,72
57,39.328842,-82.115646,73
57,39.328879,-82.115743,74
57,39.329062,-82.115748,75
57,39.329743,-82.11568,76
57,39.329883,-82.11568,77
57,39.329984,-82.117402,78
57,39.330005,-82.118018,79
57,39.330058,-82.118607,80
57,39.330114,-82.118791,81
57,39.330367,-82.119232,82
57,39.330682,-82.119736,83
57,39.33077,-82.119911,84
57,39.330888,-82.120297,85
57,39.330984,-82.121143,86
57,39.331028,-82.121751,87
57,39.331049,-82.122294,88
57,39.331043,-82.12431,89
57,39.331035,-82.124724,90
57,39.331004,-82.125157,91
57,39.330946,-82.125562,92
57,39.330842,-82.126005,93
57,39.330762,-82.1263,94
57,39.330619,-82.126715,95
57,39.330293,-82.127371,96
57,39.330123,-82.127657,97
57,39.33031,-82.127886,98
57,39.330577,-82.128271,99
57,39.331036,-82.128848,100
57,39.332766,-82.131169,101
57,39.332962,-82.131398,102
57,39.333176,-82.1316,103
57,39.333467,-82.131773,104
57,39.333848,-82.132049,105
57,39.333951,-82.132045,106
57,39.333965,-82.132128,107
57,39.334065,-82.13219,108
57,39.334321,-82.132404,109
57,39.334643,-82.132706,110
57,39.334866,-82.132944,111
57,39.33503,-82.133183,112
57,39.335176,-82.133458,113
57,39.335577,-82.134405,114
57,39.335696,-82.134643,115
57,39.335865,-82.1349,116
57,39.336065,-82.135138,117
57,39.336293,-82.135319,118
57,39.336548,-82.135495,119
57,39.336782,-82.135586,120
57,39.33707,-82.13563,121
57,39.337615,-82.135628,122
57,39.339021,-82.135556,123
57,39.339327,-82.135573,124
57,39.339579,-82.135636,125
57,39.339857,-82.135781,126
57,39.340152,-82.135974,127
57,39.341329,-82.136787,128
57,39.341763,-82.137116,129
57,39.3432,-82.138085,130
57,39.343447,-82.138194,131
57,39.343748,-82.138239,132
57,39.344185,-82.138245,133
57,39.346633,-82.138066,134
57,39.348031,-82.137922,135
57,39.348302,-82.137837,136
57,39.348614,-82.137698,137
57,39.348787,-82.13754,138
57,39.349038,-82.137244,139
57,39.349786,-82.136246,140
57,39.349978,-82.136024,141
57,39.350096,-82.135917,142
57,39.351875,-82.134623,143
57,39.352659,-82.134104,144
57,39.353757,-82.133311,145
57,39.354084,-82.133018,146
57,39.354521,-82.132596,147
57,39.355234,-82.131972,148
57,39.355525,-82.131739,149
57,39.355883,-82.131536,150
57,39.356132,-82.131424,151
57,39.356567,-82.131155,152
57,39.356712,-82.131025,153
57,39.356858,-82.130821,154
57,39.357887,-82.128997,155
57,39.358024,-82.128857,156
57,39.358248,-82.128669,157
57,39.358351999999996,-82.12861,158
57,39.358472,-82.128568,159
57,39.358713,-82.128519,160
57,39.358817,-82.128514,161
57,39.358987,-82.128541,162
57,39.359186,-82.1286,163
57,39.359609,-82.128762,164
57,39.360093,-82.128989,165
57,39.361704,-82.129663,166
57,39.36313,-82.130304,167
57,39.363579,-82.130473,168
57,39.367473,-82.131723,169
57,39.367908,-82.131877,170
57,39.368762,-82.13214,171
57,39.370944,-82.132875,172
57,39.372305,-82.13331,173
57,39.374137,-82.133923,174
57,39.374155,-82.133982,175
57,39.374151,-82.134079,176
57,39.373898,-82.135275,177
57,39.373907,-82.13535,178
57,39.373969,-82.135404,179
57,39.37484,-82.135667,180
57,39.375001,-82.135039,181
57,39.375109,-82.134942,182
57,39.375247,-82.134285,183
57,39.378081,-82.135173,184
57,39.378462,-82.135318,185
57,39.379774,-82.135744,186
57,39.380313,-82.135889,187
57,39.380879,-82.136015,188
57,39.381109,-82.136041,189
57,39.383086,-82.136142,190
57,39.38345,-82.136213,191
57,39.383728,-82.136323,192
57,39.383992,-82.136478,193
57,39.384337,-82.136734,194
57,39.384645,-82.137,195
57,39.384984,-82.13733,196
57,39.386019,-82.138403,197
57,39.386371,-82.138741,198
57,39.386568,-82.138925,199
57,39.386863,-82.139144,200
57,39.387104,-82.139355,201
57,39.387265,-82.139529,202
57,39.387571,-82.139979,203
57,39.387861,-82.140326,204
57,39.389197,-82.141516,205
57,39.389467,-82.14183,206
57,39.390188,-82.142794,207
57,39.390427,-82.143145,208
57,39.39051,-82.14324,209
57,39.390725,-82.143417,210
57,39.391078,-82.142555,211
57,39.391395,-82.141927,212
57,39.391514,-82.141733,213
57,39.391692,-82.141539,214
57,39.391864,-82.1414,215
57,39.392159,-82.141205,216
57,39.392794,-82.140731,217
57,39.393475,-82.140249,218
57,39.393961,-82.139869,219
57,39.39413,-82.1396,220
57,39.394419,-82.139028,221
57,39.394667,-82.13863,222
57,39.395434,-82.137585,223
57,39.395535,-82.137326,224
57,39.395672,-82.136699,225
57,39.396205,-82.133839,226
57,39.396586,-82.13164,227
57,39.397105,-82.128905,228
57,39.399249,-82.128881,229
57,39.399336,-82.12823,230
57,39.399242,-82.127732,231
57,39.39927,-82.127585,232
57,39.39933,-82.127474,233
57,39.400092,-82.127424,234
57,39.399912,-82.124117,235
57,39.399434,-82.124202,236
57,39.397991,-82.124311,237
57,39.397377,-82.124407,238
57,39.397228,-82.124517,239
57,39.395832,-82.123068,240
57,39.394824,-82.121996,241
57,39.394496,-82.121667,242
57,39.39441,-82.121606,243
57,39.394269,-82.121574,244
57,39.394215,-82.121547,245
57,39.394161,-82.121494,246
57,39.393883,-82.121065,247
57,39.393808,-82.121011,248
57,39.393721,-82.121011,249
57,39.393332,-82.121108,250
57,39.393224,-82.121049,251
57,39.393162,-82.120957,252
57,39.393149,-82.120877,253
57,39.393166,-82.120791,254
57,39.393373,-82.120357,255
57,39.393444,-82.120335,256
57,39.393493,-82.120383,257
57,39.393846,-82.120984000000007,258
57,39.394161,-82.121456,259
57,39.394223,-82.121505,260
57,39.394281,-82.121521,261
57,39.39432,-82.121467,262
57,39.394022,-82.121015,263
57,39.393282,-82.119784,264
57,39.392867,-82.119325,265
57,39.39251,-82.119014,266
57,39.392308,-82.118868,267
57,39.391804,-82.118391,268
57,39.391446,-82.118107,269
57,39.391056,-82.117879,270
57,39.389585,-82.117251,271
57,39.389119,-82.116987,272
57,39.388895,-82.116813,273
57,39.388556,-82.116501,274
57,39.38819,-82.116107,275
57,39.387501,-82.115116,276
57,39.386592,-82.11361,277
57,39.386113,-82.112848,278
57,39.385303,-82.111838,279
57,39.384835,-82.111316,280
57,39.384103,-82.110537,281
57,39.382189,-82.108557,282
57,39.381796,-82.108191,283
57,39.381416,-82.107907,284
57,39.380752,-82.107598,285
57,39.379752,-82.107162,286
57,39.379415,-82.107062,287
57,39.379131,-82.107017,288
57,39.378794,-82.107001,289
57,39.378505,-82.107021,290
57,39.37675,-82.107335,291
57,39.376001,-82.107431,292
57,39.375347,-82.107462,293
57,39.375212,-82.107454,294
57,39.374617,-82.107559,295
57,39.374309,-82.107653,296
57,39.373307,-82.107861,297
57,39.372743,-82.107947,298
57,39.372292,-82.107995,299
57,39.371977,-82.108006,300
57,39.371566,-82.108079,301
57,39.36997,-82.108627,302
57,39.369109,-82.108696,303
57,39.3682,-82.109099,304
57,39.367833,-82.109284,305
57,39.367236,-82.109535,306
57,39.366391,-82.109862,307
57,39.366033,-82.109982,308
57,39.365573,-82.110071,309
57,39.365055,-82.110106,310
57,39.364681,-82.110109,311
57,39.364388,-82.110067,312
57,39.364137,-82.109961,313
57,39.363944,-82.109833,314
57,39.363761,-82.109662,315
57,39.363592,-82.109458,316
57,39.363468,-82.109254,317
57,39.363233,-82.108815,318
57,39.362796,-82.107935,319
57,39.36254,-82.107301,320
57,39.362459,-82.106994,321
57,39.362398,-82.106667,322
57,39.362322,-82.106064,323
57,39.361793,-82.106278,324
57,39.361536,-82.106363,325
57,39.361076,-82.106431,326
57,39.360743,-82.106373,327
57,39.360302,-82.106323,328
57,39.360001,-82.106243,329
57,39.359758,-82.106152,330
57,39.359315,-82.105887,331
57,39.358725,-82.105384,332
57,39.358136,-82.104715,333
57,39.357396,-82.103936,334
57,39.357017,-82.103469,335
57,39.356344,-82.102736,336
57,39.355974,-82.10236,337
57,39.355055,-82.101343,338
57,39.35464,-82.100913,339
57,39.351987,-82.09799,340
57,39.351109,-82.097055,341
57,39.350774,-82.096754,342
57,39.350313,-82.09637,343
57,39.349655,-82.095968,344
57,39.349368,-82.095813,345
57,39.348739,-82.09555,346
57,39.34851,-82.095487,347
57,39.347894,-82.09538,348
57,39.347521,-82.095336,349
57,39.347165,-82.095329,350
57,39.346615,-82.095359,351
57,39.346249,-82.095426,352
57,39.345956,-82.095501,353
57,39.345377,-82.09568,354
57,39.344685,-82.096033,355
57,39.344458,-82.096164,356
57,39.343987,-82.096489,357
57,39.343483,-82.096915,358
57,39.343055,-82.097378,359
57,39.342831,-82.097637,360
57,39.342676,-82.097841,361
57,39.342498,-82.09809,362
57,39.342334,-82.098349,363
57,39.342036,-82.098866,364
57,39.341723,-82.099513,365
57,39.341567,-82.099909,366
57,39.3414,-82.100417,367
57,39.341223,-82.101017,368
57,39.341042,-82.101515,369
57,39.340959,-82.101783,370
57,39.340655,-82.102447,371
57,39.340499,-82.102696,372
57,39.340321,-82.102946,373
57,39.33998,-82.103362,374
57,39.339566,-82.103733,375
57,39.339058,-82.104076,376
57,39.33843,-82.10432,377
57,39.338186,-82.104376,378
57,39.337974,-82.104405,379
57,39.336486,-82.104533,380
57,39.336251,-82.104571000000007,381
57,39.335661,-82.104593,382
57,39.334728,-82.104663,383
57,39.333324,-82.10492,384
57,39.333148,-82.104948,385
57,39.333063,-82.104939,386
57,39.332883,-82.104894,387
57,39.332784,-82.10484,388
57,39.332677,-82.104748,389
57,39.332566,-82.104583,390
57,39.332509,-82.104454,391
57,39.332478,-82.104301,392
57,39.33249,-82.103605,393
57,39.332468,-82.103076,394
57,39.332335,-82.102304,395
57,39.32926,-82.102563,396
57,39.329039,-82.102601,397
57,39.327876,-82.1027,398
57,39.327613,-82.102702,399
57,39.327608,-82.102576,400
57,39.327155,-82.102588,401
57,39.326477,-82.103068,402
57,39.326342,-82.102905,403
57,39.326132,-82.10276,404
57,39.32565,-82.102243,405
57,39.32547,-82.10193,406
57,39.32531,-82.10152,407
76,39.32547,-82.10193,0
76,39.32531,-82.10152,1
76,39.32983,-82.10114,2
76,39.3306,-82.10106,3
76,39.3314,-82.10102,4
76,39.33225,-82.10094,5
76,39.33232,-82.10214,6
76,39.33244,-82.10287,7
76,39.33251,-82.10343,8
76,39.33249,-82.10418,9
76,39.33251,-82.10432,10
76,39.33253,-82.10444,11
76,39.33262,-82.10469,12
76,39.33277,-82.10486,13
76,39.33284,-82.1049,14
76,39.333,-82.10496,15
76,39.33316,-82.10499,16
76,39.33333,-82.10498,17
76,39.33484,-82.10471,18
76,39.33779,-82.10448,19
76,39.33821,-82.10442,20
76,39.33851,-82.10435,21
76,39.33902,-82.10415,22
76,39.33943,-82.1039,23
76,39.3394,-82.10381,24
76,39.33943,-82.1039,25
76,39.3398,-82.1036,26
76,39.34002,-82.10339,27
76,39.34036,-82.10298,28
76,39.3407,-82.10244,29
76,39.34087,-82.10209,30
76,39.34106,-82.10158,31
76,39.34145,-82.10035,32
76,39.34163,-82.09985,33
76,39.34194,-82.09913,34
76,39.34211,-82.09881,35
76,39.34235,-82.09841,36
76,39.34272,-82.09788,37
76,39.34288,-82.09767,38
76,39.3433,-82.09719,39
76,39.34353,-82.09695,40
76,39.34403,-82.09653,41
76,39.3445,-82.0962,42
76,39.34542,-82.09572,43
76,39.346,-82.09554,44
76,39.34626,-82.09548,45
76,39.34665,-82.09542,46
76,39.34721,-82.09538,47
76,39.34755,-82.09539,48
76,39.34793,-82.09543,49
76,39.34854,-82.09553,50
76,39.34892,-82.09565,51
76,39.34938,-82.09585,52
76,39.35019,-82.09631,53
76,39.35054,-82.09657,54
76,39.35095,-82.09693,55
76,39.3516,-82.0976,56
76,39.35431,-82.10057,57
76,39.35613,-82.10254,58
76,39.35767,-82.10418,59
76,39.35868,-82.10522,60
76,39.35881,-82.10526,61
76,39.35923,-82.10563,62
76,39.3597,-82.10593,63
76,39.35986,-82.10601,64
76,39.36019,-82.10614,65
76,39.36059,-82.10621,66
76,39.3611,-82.10624,67
76,39.36146,-82.10623,68
76,39.36155,-82.10638,69
76,39.36169,-82.10706,70
76,39.36171,-82.1071,71
76,39.36184,-82.1076,72
76,39.36209,-82.10819,73
76,39.36222,-82.10845,74
76,39.36226,-82.10856,75
76,39.36231,-82.10882,76
76,39.36288,-82.10986,77
76,39.36389,-82.11186,78
76,39.36461,-82.11322,79
76,39.36707,-82.11797,80
76,39.36789,-82.11954,81
76,39.368,-82.11973,82
76,39.36839,-82.1205,83
76,39.36864,-82.12094,84
76,39.36898,-82.12149,85
76,39.36925,-82.12189,86
76,39.36957,-82.12232,87
76,39.36989,-82.12272,88
76,39.37024,-82.12312,89
76,39.37242,-82.12545,90
76,39.37368,-82.12677,91
76,39.37503,-82.12822,92
76,39.37698,-82.13026,93
76,39.37913,-82.13255,94
76,39.37957,-82.133,95
76,39.38304,-82.1367,96
76,39.388,-82.14192,97
76,39.3886,-82.1426,98
76,39.38893,-82.14303,99
76,39.38929,-82.1436,100
76,39.38955,-82.1441,101
76,39.38979,-82.1447,102
76,39.38996,-82.14523,103
76,39.3901,-82.14576,104
76,39.39019,-82.1462,105
76,39.39028,-82.1469,106
76,39.39032,-82.14773,107
76,39.39032,-82.14875,108
76,39.3903,-82.15163,109
76,39.39024,-82.15634,110
76,39.39025,-82.15735,111
76,39.39027,-82.15763,112
76,39.39033,-82.15806,113
76,39.39041,-82.15845,114
76,39.3905,-82.15879,115
76,39.39063,-82.15917,116
76,39.39085,-82.15966,117
76,39.39112,-82.16011,118
76,39.39136,-82.16042,119
76,39.39152,-82.1606,120
76,39.39179,-82.16086,121
76,39.39198,-82.16101,122
76,39.39218,-82.16115,123
76,39.39237,-82.16126,124
76,39.39268,-82.16141,125
76,39.39364,-82.16177,126
76,39.39849,-82.16348,127
76,39.39893,-82.16367,128
76,39.39933,-82.16388,129
76,39.39992,-82.16432,130
76,39.40009,-82.16448,131
76,39.40031,-82.16472,132
76,39.40051,-82.16495,133
76,39.40074,-82.16525,134
76,39.40295,-82.168450000000007,135
76,39.40321,-82.16885,136
76,39.40401,-82.17001,137
76,39.40429,-82.17044,138
76,39.4045,-82.1708,139
76,39.40474,-82.17126,140
76,39.40491,-82.17166,141
76,39.40509,-82.17218,142
76,39.40524,-82.17274,143
76,39.40537,-82.17341,144
76,39.40546,-82.17428,145
76,39.40548,-82.17484,146
76,39.40552,-82.17541,147
76,39.40554,-82.17617,148
76,39.40559,-82.17699,149
76,39.40563,-82.17741,150
76,39.40567,-82.1777,151
76,39.40578,-82.17827,152
76,39.40581,-82.1784,153
76,39.40594,-82.1788,154
76,39.40608,-82.17917,155
76,39.40632,-82.17967,156
76,39.40671,-82.18036,157
76,39.4074,-82.18152,158
76,39.40864,-82.18366,159
76,39.40895,-82.18413,160
76,39.4091,-82.18433,161
76,39.40934,-82.18464,162
76,39.40967,-82.185,163
76,39.40994,-82.18527,164
76,39.4103,-82.18558,165
76,39.4109,-82.186,166
76,39.4172,-82.18948,167
76,39.41994,-82.19098,168
76,39.42055,-82.1913,169
76,39.42103,-82.19158,170
76,39.42485,-82.19369,171
76,39.42567,-82.19414,172
76,39.42656,-82.1946,173
76,39.42735,-82.19508,174
76,39.43328,-82.19835,175
76,39.43374,-82.19859,176
76,39.43465,-82.19912,177
76,39.43529,-82.19954,178
76,39.43586,-82.19996,179
76,39.43953,-82.20275,180
76,39.44021,-82.20319,181
76,39.4403,-82.2032,182
76,39.44069,-82.20332,183
76,39.44113,-82.2034,184
76,39.44249,-82.20344,185
76,39.44326,-82.20349,186
76,39.44336,-82.20351,187
76,39.4435,-82.20357,188
76,39.44376,-82.20377,189
76,39.44386,-82.20387,190
76,39.44407,-82.20421,191
76,39.44416,-82.20443,192
76,39.44429,-82.20485,193
76,39.44413,-82.20485,194
76,39.44387,-82.20489,195
76,39.44359,-82.20494,196
76,39.44342,-82.205,197
76,39.44316,-82.20514,198
76,39.44293,-82.20534,199
76,39.4427,-82.20562,200
76,39.44262,-82.20579,201
76,39.44254,-82.20597,202
76,39.44222,-82.20694,203
76,39.44213,-82.20711,204
76,39.44196,-82.20732,205
76,39.44188,-82.20739,206
76,39.44145,-82.2077,207
76,39.44082,-82.2081,208
76,39.44041,-82.20843,209
76,39.4402,-82.20871,210
76,39.4401,-82.2089,211
76,39.44,-82.20903,212
76,39.43988,-82.20922,213
76,39.43933,-82.21012,214
76,39.43891,-82.21072,215
76,39.43876,-82.21096,216
76,39.43889,-82.21117,217
76,39.43892,-82.21125,218
76,39.43899,-82.21157,219
76,39.43904,-82.2117,220
76,39.43909,-82.21217,221
76,39.4393,-82.21604,222
76,39.43933,-82.21634,223
76,39.43943,-82.21664,224
76,39.43962,-82.21692,225
76,39.43979,-82.21712,226
76,39.43966,-82.21741,227
76,39.4396,-82.21765,228
76,39.43957,-82.21806,229
76,39.43963,-82.21993,230
76,39.43966,-82.2202,231
76,39.43971,-82.22042,232
76,39.43981,-82.22064,233
76,39.43992,-82.2208,234
76,39.44005,-82.22095,235
76,39.44027,-82.22111,236
76,39.44137,-82.22171,237
76,39.4424,-82.22207,238
76,39.44337,-82.22243,239
76,39.44351,-82.22243,240
76,39.44369,-82.22238,241
76,39.44389,-82.22229,242
76,39.44406,-82.22212,243
76,39.44421,-82.22189,244
76,39.44428,-82.2217,245
76,39.44446,-82.22114,246
76,39.44453,-82.2207,247
76,39.44453,-82.22055,248
76,39.44451,-82.22034,249
76,39.44438,-82.21997,250
76,39.44428,-82.2198,251
76,39.44413,-82.21962,252
76,39.44394,-82.21946,253
76,39.44364,-82.21926,254
76,39.44342,-82.21915,255
76,39.44268,-82.21894,256
76,39.44246,-82.21886,257
76,39.44234,-82.21879,258
76,39.44209,-82.2186,259
76,39.44145,-82.21799,260
76,39.44119,-82.2177,261
76,39.44085,-82.21747,262
76,39.44064,-82.21737,263
76,39.44008,-82.21723,264
76,39.43979,-82.21712,265
76,39.43962,-82.21692,266
76,39.43943,-82.21664,267
76,39.43933,-82.21634,268
76,39.4393,-82.21604,269
76,39.43912,-82.21262,270
76,39.43909,-82.21217,271
76,39.43904,-82.2117,272
76,39.43899,-82.21157,273
76,39.43892,-82.21125,274
76,39.43889,-82.21117,275
76,39.43876,-82.21096,276
76,39.43891,-82.21072,277
76,39.43933,-82.21012,278
76,39.43988,-82.20922,279
76,39.44,-82.20903,280
76,39.4401,-82.2089,281
76,39.44079,-82.21006,282
76,39.44097,-82.2103,283
76,39.44124,-82.2106,284
76,39.44128,-82.21068,285
76,39.44136,-82.21076,286
76,39.44173,-82.21103,287
76,39.44204,-82.2112,288
76,39.44318,-82.21169,289
76,39.4435,-82.21187,290
76,39.44386,-82.21213,291
76,39.44411,-82.21234,292
76,39.44435,-82.21259,293
76,39.4449,-82.21327,294
76,39.44586,-82.21452,295
76,39.44633,-82.21508,296
76,39.44675,-82.21567,297
76,39.44698,-82.21605,298
76,39.44819,-82.21834,299
76,39.448480000000004,-82.2188,300
76,39.44871,-82.21913,301
76,39.44884,-82.21929,302
76,39.45254,-82.22326,303
76,39.45672,-82.22779,304
76,39.45698,-82.22805,305
76,39.45745,-82.22861,306
76,39.45755,-82.22876,307
76,39.45768,-82.22904,308
76,39.45854,-82.23176,309
76,39.45869,-82.2322,310
76,39.45908,-82.23217,311
76,39.46,-82.23203,312
76,39.46,-82.23217,313
76,39.4607,-82.23208,314
76,39.4609,-82.23202,315
76,39.461,-82.233,316
76,39.46104,-82.23357,317
76,39.46112,-82.23442,318
76,39.46116,-82.23507,319
76,39.46128,-82.23621,320
76,39.46147,-82.23846,321
76,39.4615,-82.23898,322
76,39.46166,-82.24063,323
76,39.46171,-82.24103,324
76,39.4617,-82.24126,325
76,39.46188,-82.24194,326
76,39.46206,-82.24188,327
76,39.46268,-82.24178,328
76,39.46277,-82.24275,329
76,39.46294,-82.24288,330
76,39.46306,-82.243,331
76,39.46314,-82.24311,332
76,39.46316,-82.24319,333
76,39.46315,-82.24325,334
76,39.46311,-82.24333,335
76,39.46297,-82.24356,336
76,39.46283,-82.24373,337
76,39.46305,-82.24533,338
76,39.46336,-82.24714,339
76,39.46336,-82.2472,340
76,39.46325,-82.24724,341
76,39.46414,-82.25041,342
76,39.46431,-82.2508,343
76,39.46435,-82.25077,344
76,39.46441,-82.25076,345
76,39.46448,-82.25079,346
76,39.46454,-82.25087,347
76,39.465098,-82.250564,348
76,39.465043,-82.25007,349
76,39.465758,-82.249815,350
76,39.466013,-82.249809,351
76,39.466108,-82.250138,352
76,39.46689,-82.25001,353
76,39.46782,-82.24992,354
76,39.46814,-82.24991,355
76,39.4692,-82.2501,356
76,39.46975,-82.25029,357
76,39.47006,-82.25044,358
76,39.47035,-82.25062,359
76,39.47068,-82.25088,360
76,39.47094,-82.25111,361
76,39.47122,-82.2514,362
76,39.47138,-82.2516,363
76,39.47159,-82.25124,364
76,39.47167,-82.25103,365
76,39.47172,-82.2508,366
76,39.4721,-82.24828,367
76,39.47216,-82.2478,368
76,39.47225,-82.24671,369
76,39.47233,-82.24651,370
76,39.47237,-82.24574,371
76,39.4724,-82.24478,372
76,39.472410000000004,-82.24364,373
76,39.472410000000004,-82.24154,374
76,39.47243,-82.23945,375
76,39.47243,-82.23754,376
76,39.47244,-82.23732,377
76,39.47244,-82.23456,378
76,39.47243,-82.23401,379
76,39.47239,-82.23344,380
76,39.47233,-82.23304,381
76,39.47215,-82.23221,382
76,39.47202,-82.23182,383
76,39.47183,-82.23133,384
76,39.47165,-82.230950000000007,385
76,39.47153,-82.23072,386
76,39.47133,-82.23039,387
76,39.47102,-82.22995,388
76,39.47085,-82.22973,389
76,39.47059,-82.22943,390
76,39.46965,-82.22838,391
76,39.46869,-82.22729,392
76,39.46834,-82.22687,393
76,39.46677,-82.2251,394
76,39.46655,-82.22482,395
76,39.46618,-82.2243,396
76,39.46536,-82.22296,397
76,39.46322,-82.21937,398
76,39.46287,-82.21882,399
76,39.46256,-82.21841,400
76,39.46216,-82.21793,401
76,39.46182,-82.21757,402
76,39.46147,-82.21724,403
76,39.46128,-82.21708,404
76,39.46063,-82.21659,405
76,39.45638,-82.21388,406
76,39.45579,-82.21348,407
76,39.45549,-82.21331,408
76,39.45323,-82.21188,409
76,39.45225,-82.21128,410
76,39.45065,-82.21034,411
76,39.44793,-82.2088,412
76,39.44642,-82.20799,413
76,39.44502,-82.20714,414
76,39.44456,-82.20683,415
76,39.44304,-82.20576,416
76,39.43888,-82.20257,417
76,39.43704,-82.20108,418
76,39.43543,-82.19988,419
76,39.4349,-82.19953,420
76,39.43376,-82.19886,421
76,39.43331,-82.19863,422
76,39.42791,-82.19562,423
76,39.41219,-82.18697,424
76,39.41078,-82.18618,425
76,39.41018,-82.18576,426
76,39.4101,-82.18568,427
76,39.40999,-82.1856,428
76,39.40972,-82.18535,429
76,39.40937,-82.18499,430
76,39.40905,-82.1846,431
76,39.4086,-82.18395,432
76,39.40789,-82.18275,433
76,39.40746,-82.18199,434
76,39.40618,-82.17981,435
76,39.40599,-82.17945,436
76,39.40574,-82.17883,437
76,39.40562,-82.17842,438
76,39.4055,-82.17787,439
76,39.40543,-82.17731,440
76,39.4053,-82.17441,441
76,39.40527,-82.17399,442
76,39.40522,-82.17358,443
76,39.40505,-82.17275,444
76,39.40489,-82.17221,445
76,39.40476,-82.17184,446
76,39.40448,-82.17122,447
76,39.40428,-82.17085,448
76,39.404,-82.1704,449
76,39.40379,-82.17011,450
76,39.40311,-82.16911,451
76,39.40296,-82.16887,452
76,39.40069,-82.16557,453
76,39.40038,-82.16515,454
76,39.40012,-82.16486,455
76,39.39988,-82.16462,456
76,39.3996,-82.16438,457
76,39.39931,-82.16417,458
76,39.39878,-82.16388,459
76,39.39836,-82.16371,460
76,39.39299,-82.16182,461
76,39.39256,-82.16166,462
76,39.39224,-82.16151,463
76,39.39194,-82.16134,464
76,39.39165,-82.16112,465
76,39.39137,-82.16087,466
76,39.3912,-82.16069,467
76,39.39097,-82.1604,468
76,39.39081,-82.16017,469
76,39.39056,-82.15971,470
76,39.39035,-82.1592,471
76,39.39018,-82.15861,472
76,39.39011,-82.15829,473
76,39.39004,-82.15764,474
76,39.39003,-82.15706,475
76,39.3901,-82.15103,476
76,39.39011,-82.14787,477
76,39.3901,-82.14718,478
76,39.39008,-82.1469,479
76,39.38998,-82.14616,480
76,39.38989,-82.14572,481
76,39.38967,-82.14496,482
76,39.38949,-82.14447,483
76,39.38931,-82.14408,484
76,39.38913,-82.14374,485
76,39.38885,-82.14329,486
76,39.38864,-82.14298,487
76,39.38845,-82.14275,488
76,39.38814,-82.14239,489
76,39.38739,-82.14157,490
76,39.38519,-82.13926,491
76,39.3842,-82.13819,492
76,39.382,-82.13588,493
76,39.37811,-82.13176,494
76,39.37785,-82.13147,495
76,39.3776,-82.13122,496
76,39.37433,-82.12776,497
76,39.37408,-82.12748,498
76,39.36992,-82.12307,499
76,39.36943,-82.12246,500
76,39.36906,-82.12196,501
76,39.36876,-82.12151,502
76,39.36835,-82.12082,503
76,39.36813,-82.12042,504
76,39.36737,-82.11894,505
76,39.36677,-82.11781,506
76,39.36628,-82.11684,507
76,39.36502,-82.11445,508
76,39.36349,-82.11148,509
76,39.36264,-82.10987,510
76,39.36231,-82.10942,511
76,39.36213,-82.10915,512
76,39.3619,-82.10887,513
76,39.36158,-82.10859,514
76,39.36129,-82.10842,515
76,39.36086,-82.10822,516
76,39.36057,-82.10806,517
76,39.36035,-82.10791,518
76,39.36023,-82.10778,519
76,39.36017,-82.1077,520
76,39.36007,-82.10752,521
76,39.36,-82.1073,522
76,39.35997,-82.10713,523
76,39.35995,-82.10696,524
76,39.35997,-82.10668,525
76,39.36004,-82.10626,526
76,39.35977,-82.10613,527
76,39.35924,-82.10581,528
76,39.35909,-82.1057,529
76,39.35874,-82.10536,530
76,39.35868,-82.10522,531
76,39.35767,-82.10418,532
76,39.35613,-82.10254,533
76,39.35431,-82.10057,534
76,39.35146,-82.09745,535
76,39.35095,-82.09693,536
76,39.35054,-82.09657,537
76,39.35019,-82.09631,538
76,39.34938,-82.09585,539
76,39.34892,-82.09565,540
76,39.34854,-82.09553,541
76,39.34822,-82.09547,542
76,39.34755,-82.09539,543
76,39.34721,-82.09538,544
76,39.34665,-82.09542,545
76,39.34626,-82.09548,546
76,39.346,-82.09554,547
76,39.34542,-82.09572,548
76,39.34473,-82.09607,549
76,39.3445,-82.0962,550
76,39.34403,-82.09653,551
76,39.34353,-82.09695,552
76,39.3433,-82.09719,553
76,39.34288,-82.09767,554
76,39.34235,-82.09841,555
76,39.34211,-82.09881,556
76,39.34194,-82.09913,557
76,39.34163,-82.09985,558
76,39.34145,-82.10035,559
76,39.34106,-82.10158,560
76,39.34087,-82.10209,561
76,39.3407,-82.10244,562
76,39.34036,-82.10298,563
76,39.34002,-82.10339,564
76,39.3398,-82.1036,565
76,39.33943,-82.1039,566
76,39.33902,-82.10415,567
76,39.33884,-82.10423,568
76,39.33851,-82.10435,569
76,39.33821,-82.10442,570
76,39.33779,-82.10448,571
76,39.33484,-82.10471,572
76,39.33333,-82.10498,573
76,39.33316,-82.10499,574
76,39.333,-82.10496,575
76,39.33277,-82.10486,576
76,39.33267,-82.10476,577
76,39.33262,-82.10469,578
76,39.33253,-82.10444,579
76,39.33249,-82.10418,580
76,39.33251,-82.10343,581
76,39.33236,-82.10235,582
76,39.33154,-82.10242,583
76,39.33099,-82.10241,584
76,39.32881,-82.10263,585
76,39.32841,-82.10264,586
76,39.32789,-82.10268,587
76,39.32762,-82.10273,588
76,39.32761,-82.10256,589
76,39.32731,-82.10258,590
76,39.32709,-82.10261,591
76,39.32708,-82.10264,592
76,39.32702,-82.10269,593
76,39.32671,-82.10292,594
76,39.32651,-82.10303,595
76,39.32619,-82.1028,596
76,39.32587,-82.1025,597
76,39.32565,-82.10224,598
76,39.3255,-82.10198,599
78,39.32544,-82.10185,0
78,39.32536,-82.10167,1
78,39.32531,-82.10152,2
78,39.32983,-82.10114,3
78,39.3306,-82.10106,4
78,39.3314,-82.10102,5
78,39.33225,-82.10094,6
78,39.33232,-82.10214,7
78,39.33236,-82.10235,8
78,39.33154,-82.10242,9
78,39.33099,-82.10241,10
78,39.32881,-82.10263,11
78,39.32841,-82.10264,12
78,39.32789,-82.10268,13
78,39.32762,-82.10273,14
78,39.32761,-82.10256,15
78,39.32709,-82.10261,16
78,39.32708,-82.10264,17
78,39.32702,-82.10269,18
78,39.32663,-82.10297,19
78,39.32639,-82.10307,20
78,39.32587,-82.10334,21
78,39.32546,-82.1036,22
78,39.32455,-82.10408,23
78,39.32407,-82.10423,24
78,39.3222,-82.10459,25
78,39.32089,-82.10499,26
78,39.32066,-82.10503,27
78,39.32008,-82.10522,28
78,39.31963,-82.10539,29
78,39.31949,-82.10549,30
78,39.31933,-82.10556,31
78,39.3193,-82.10563,32
78,39.31922,-82.10571,33
78,39.31912,-82.10571,34
78,39.31907,-82.10568,35
78,39.318224,-82.105892,36
78,39.317654,-82.105959,37
78,39.317427,-82.105965,38
78,39.316961,-82.105879,39
78,39.316282,-82.105549,40
78,39.314537,-82.104581,41
78,39.31407,-82.104224,42
78,39.313738,-82.104003,43
78,39.313576,-82.103932,44
78,39.312875,-82.103755,45
78,39.31216,-82.103633,46
78,39.311672,-82.103668,47
78,39.310993,-82.10391,48
78,39.309734,-82.104448,49
78,39.309264,-82.104629,50
78,39.30878,-82.104675,51
78,39.308358,-82.104595,52
78,39.30807,-82.10446,53
78,39.306054,-82.103737,54
78,39.304042,-82.103076,55
78,39.303925,-82.103111,56
78,39.303721,-82.103276,57
78,39.303459,-82.103663,58
78,39.303151,-82.104218,59
78,39.302682,-82.105149,60
78,39.301941,-82.106694,61
78,39.30067,-82.10924,62
78,39.3005,-82.1095,63
78,39.29909,-82.11228,64
78,39.29877,-82.1128,65
78,39.29856,-82.11311,66
78,39.29777,-82.11418,67
78,39.29614,-82.11631,68
78,39.29568,-82.11688,69
78,39.29533,-82.11734,70
78,39.295,-82.11781,71
78,39.29332,-82.12006,72
78,39.2926,-82.12097,73
78,39.29135,-82.12263,74
78,39.291,-82.12316,75
78,39.29078,-82.12353,76
78,39.29039,-82.12431,77
78,39.29012,-82.12494,78
78,39.28988,-82.12566,79
78,39.28971,-82.12628,80
78,39.28959,-82.12682,81
78,39.28942,-82.12775,82
78,39.28972,-82.12792,83
78,39.28986,-82.12766,84
78,39.28995,-82.12755,85
78,39.29001,-82.1275,86
78,39.29007,-82.12749,87
78,39.29081,-82.12752,88
78,39.29007,-82.12749,89
78,39.29001,-82.1275,90
78,39.28995,-82.12755,91
78,39.28986,-82.12766,92
78,39.28972,-82.12792,93
78,39.28942,-82.12775,94
78,39.28716,-82.14214,95
78,39.28704,-82.14281,96
78,39.28692,-82.14337,97
78,39.28676,-82.14399,98
78,39.28666,-82.14431,99
78,39.2865,-82.14482,100
78,39.28625,-82.14554,101
78,39.28595,-82.1463,102
78,39.28565,-82.14695,103
78,39.28522,-82.14783,104
78,39.2847,-82.14873,105
78,39.28421,-82.14948,106
78,39.28177,-82.15289,107
78,39.28118,-82.15369,108
78,39.28076,-82.15421,109
78,39.28044,-82.15458,110
78,39.2801,-82.15495,111
78,39.27957,-82.15545,112
78,39.27904,-82.15589,113
78,39.27844,-82.15632,114
78,39.27809,-82.15654,115
78,39.2777,-82.15677,116
78,39.27705,-82.15712,117
78,39.26904,-82.16139,118
78,39.26785,-82.16201,119
78,39.26552,-82.16327,120
78,39.26324,-82.16447,121
78,39.26116,-82.16559,122
78,39.26045,-82.16602,123
78,39.25983,-82.16647,124
78,39.25909,-82.16708,125
78,39.2587,-82.16745,126
78,39.25783,-82.16837,127
78,39.25703,-82.16939,128
78,39.25151,-82.17769,129
78,39.25042,-82.17918,130
78,39.24962,-82.180179999999993,131
78,39.24909,-82.18081,132
78,39.24789,-82.18214,133
78,39.24743,-82.18262,134
78,39.24622,-82.184,135
78,39.24416,-82.18626,136
78,39.24359,-82.18691,137
78,39.23855,-82.19248,138
78,39.23795,-82.19307,139
78,39.2375,-82.19346,140
78,39.23703,-82.19383,141
78,39.23636,-82.19428,142
78,39.23603,-82.19448,143
78,39.23607,-82.19471,144
78,39.23607,-82.1948,145
78,39.23605,-82.19487,146
78,39.236,-82.19497,147
78,39.23582,-82.19519,148
78,39.23322,-82.19808,149
78,39.23277,-82.19856,150
78,39.23229,-82.19911,151
78,39.23156,-82.19992,152
78,39.23141,-82.20007,153
78,39.23063,-82.20095,154
78,39.23032,-82.20127,155
78,39.22982,-82.20168,156
78,39.22906,-82.20228,157
78,39.2277,-82.2034,158
78,39.22749,-82.20354,159
78,39.22704,-82.20389,160
78,39.22705,-82.20439,161
78,39.22701,-82.20523,162
78,39.22698,-82.20538,163
78,39.22685,-82.20552,164
78,39.2267,-82.20587,165
78,39.22666,-82.20601,166
78,39.22628,-82.2061,167
78,39.22593,-82.20604,168
78,39.22583,-82.20606,169
78,39.22565,-82.20613,170
78,39.22544,-82.20617,171
78,39.22536,-82.20613,172
78,39.22528,-82.20605,173
78,39.225023,-82.205437,174
78,39.22467,-82.20576,175
78,39.22548,-82.2051,176
78,39.2259,-82.20473,177
78,39.22619,-82.20455,178
78,39.22674,-82.20415,179
78,39.22524,-82.20161,180
78,39.22468,-82.20072,181
78,39.22433,-82.20007,182
78,39.22383,-82.19922,183
78,39.22403,-82.19903,184
78,39.22414,-82.19894,185
78,39.22526,-82.19874,186
78,39.22543,-82.19866,187
78,39.22558,-82.19854,188
78,39.22601,-82.19806,189
78,39.22623,-82.19789,190
78,39.22641,-82.19784,191
78,39.22656,-82.19784,192
78,39.22669,-82.19787,193
78,39.22677,-82.19793,194
78,39.22688,-82.19776,195
78,39.22699,-82.19763,196
78,39.22715,-82.1975,197
78,39.22727,-82.19746,198
78,39.22745,-82.19743,199
78,39.22774,-82.19744,200
78,39.22797,-82.19741,201
78,39.22823,-82.19721,202
78,39.22833,-82.19708,203
78,39.2284,-82.1969,204
78,39.22848,-82.19661,205
78,39.22862,-82.19589,206
78,39.22879,-82.1952,207
78,39.22882,-82.19497,208
78,39.22884,-82.19493,209
78,39.22882,-82.19497,210
78,39.22988,-82.19497,211
78,39.23044,-82.19507,212
78,39.23064,-82.19509,213
78,39.232,-82.19496,214
78,39.23254,-82.19488,215
78,39.23255,-82.19449,216
78,39.23346,-82.19447,217
78,39.23351,-82.19449,218
78,39.2336,-82.19464,219
78,39.23368,-82.19472,220
78,39.23375,-82.19477,221
78,39.23385,-82.19479,222
78,39.23399,-82.19476,223
78,39.23417,-82.19469,224
78,39.23451,-82.19453,225
78,39.23511,-82.19421,226
78,39.235855,-82.193572,227
78,39.235785,-82.192173,228
78,39.237195,-82.192075,229
78,39.23578,-82.19218,230
78,39.2357,-82.19067,231
78,39.23735,-82.19062,232
78,39.23771,-82.19059,233
78,39.23852,-82.19046,234
78,39.2386,-82.19043,235
78,39.23872,-82.19035,236
78,39.23888,-82.19019,237
78,39.23996,-82.18869,238
78,39.24022,-82.18837,239
78,39.24091,-82.18764,240
78,39.24127,-82.18732,241
78,39.24149,-82.18719,242
78,39.24162,-82.18709,243
78,39.24171,-82.18698,244
78,39.24232,-82.18636,245
78,39.24285,-82.18577,246
78,39.24295,-82.18594,247
78,39.24349,-82.18672,248
78,39.24638,-82.18353,249
78,39.24721,-82.18253,250
78,39.24877,-82.18088,251
78,39.24953,-82.17998,252
78,39.25016,-82.1792,253
78,39.251,-82.17807,254
78,39.25154,-82.1773,255
78,39.25372,-82.17404,256
78,39.25617,-82.17033,257
78,39.25696,-82.16918,258
78,39.25742,-82.16857,259
78,39.25813,-82.16774,260
78,39.25877,-82.16711,261
78,39.25913,-82.16678,262
78,39.25975,-82.16627,263
78,39.25989,-82.16616,264
78,39.26066,-82.16563,265
78,39.26147,-82.16517,266
78,39.2644,-82.16362,267
78,39.27453,-82.15821,268
78,39.27581,-82.15754,269
78,39.27652,-82.15715,270
78,39.27718,-82.15681,271
78,39.27805,-82.15632,272
78,39.27856,-82.15598,273
78,39.27909,-82.15558,274
78,39.27967,-82.15508,275
78,39.28028,-82.15447,276
78,39.28095,-82.15369,277
78,39.28384,-82.14966,278
78,39.28456,-82.14859,279
78,39.2848,-82.14819,280
78,39.28529,-82.14729,281
78,39.28564,-82.14656,282
78,39.28594,-82.14583,283
78,39.28622,-82.14508,284
78,39.28635,-82.14468,285
78,39.28665,-82.14366,286
78,39.28679,-82.14305,287
78,39.28696,-82.1422,288
78,39.28824,-82.13414,289
78,39.28902,-82.12911,290
78,39.28936,-82.12706,291
78,39.28961,-82.12595,292
78,39.28984,-82.12529,293
78,39.29011,-82.12463,294
78,39.29039,-82.12401,295
78,39.29067,-82.1235,296
78,39.29105,-82.12289,297
78,39.29142,-82.12237,298
78,39.29368,-82.11938,299
78,39.29393,-82.11907,300
78,39.29631,-82.11593,301
78,39.29704,-82.11499,302
78,39.29834,-82.11325,303
78,39.29878,-82.11261,304
78,39.29917,-82.11189,305
78,39.29964,-82.11093,306
78,39.30043,-82.10938,307
78,39.3018,-82.106866,308
78,39.302961,-82.104353,309
78,39.303727,-82.103166,310
78,39.304039,-82.103067,311
78,39.306839,-82.103915,312
78,39.308415,-82.104565,313
78,39.308787,-82.104633,314
78,39.309282,-82.104594,315
78,39.309729,-82.104427,316
78,39.310835,-82.103952,317
78,39.31168,-82.103619,318
78,39.31216,-82.103589,319
78,39.312945,-82.10372,320
78,39.31374,-82.10395,321
78,39.314237,-82.104291,322
78,39.314686,-82.104629,323
78,39.315156,-82.104917,324
78,39.31624,-82.1055,325
78,39.316699,-82.105725,326
78,39.316962,-82.105829,327
78,39.317213,-82.105883,328
78,39.317526,-82.105918,329
78,39.318636,-82.105723,330
78,39.31884,-82.105639,331
78,39.318996,-82.105505,332
78,39.31903,-82.105342,333
78,39.31916,-82.10526,334
78,39.31922,-82.10527,335
78,39.3193,-82.10535,336
78,39.31963,-82.10539,337
78,39.32008,-82.10522,338
78,39.32066,-82.10503,339
78,39.32089,-82.10499,340
78,39.3222,-82.10459,341
78,39.32407,-82.10423,342
78,39.32434,-82.10415,343
78,39.32455,-82.10408,344
78,39.32472,-82.104,345
78,39.32553,-82.10356,346
78,39.32587,-82.10334,347
78,39.32639,-82.10307,348
78,39.32651,-82.10303,349
78,39.32619,-82.1028,350
78,39.32587,-82.1025,351
78,39.32565,-82.10224,352
78,39.3255,-82.10198,353
101,39.295665,-82.11205,0
101,39.297565,-82.113808,1
101,39.304672,-82.103185,2
101,39.306226,-82.103674,3
101,39.309866,-82.104242,4
101,39.31271,-82.103569,5
101,39.31551,-82.105034,6
101,39.31744,-82.105843,7
101,39.323994,-82.104158,8
101,39.325468,-82.101978,9
102,39.334534,-82.114799,0
102,39.333442,-82.111695,1
102,39.329777,-82.110771,2
102,39.329365,-82.107765,3
102,39.328724,-82.104797,4
102,39.326791,-82.102933,5
102,39.325428,-82.101967,6
103,39.334534,-82.114799,0
103,39.333442,-82.111695,1
103,39.329777,-82.110771,2
103,39.329365,-82.107765,3
103,39.328724,-82.104797,4
103,39.326791,-82.102933,5
103,39.325428,-82.101967,6
58,39.314819,-82.107396,0
58,39.314823,-82.10731,1
58,39.315001,-82.107283,2
58,39.315018,-82.107375,3
58,39.315034,-82.107707,4
58,39.315117,-82.107723,5
58,39.315317,-82.107691,6
58,39.315454,-82.107616,7
58,39.315524,-82.107536,8
58,39.315603,-82.107412,9
58,39.315624,-82.10731,10
58,39.315628,-82.107165,11
58,39.315603,-82.107015,12
58,39.315574,-82.106924,13
58,39.315541,-82.106849,14
58,39.315495,-82.106801,15
58,39.315275,-82.106629,16
58,39.315229,-82.10657,17
58,39.315167,-82.106404,18
58,39.315192,-82.106264,19
58,39.315267,-82.1062,20
58,39.315371,-82.106012,21
58,39.315429,-82.105567,22
58,39.315541,-82.10524,23
58,39.315615,-82.105154,24
58,39.315906,-82.105266,25
58,39.316798,-82.105739,26
58,39.31723,-82.105878,27
58,39.317491,-82.105926,28
58,39.317707,-82.10591,29
58,39.318857,-82.105669,30
58,39.318894,-82.105631,31
58,39.319039,-82.10539,32
58,39.319093,-82.105325,33
58,39.31916,-82.105304,34
58,39.319226,-82.105315,35
58,39.319292,-82.105358,36
58,39.319371,-82.105384,37
58,39.319492,-82.105401,38
58,39.319637,-82.105379,39
58,39.322339,-82.10451,40
58,39.324003,-82.104231,41
58,39.324376,-82.104118,42
58,39.326223,-82.103223,43
58,39.326364,-82.103115,44
58,39.326385,-82.103008,45
58,39.325733,-82.102364,46
58,39.325609,-82.102198,47
58,39.325306,-82.101624,48
58,39.325165,-82.101474,49
58,39.325052,-82.101098,50
58,39.325028,-82.100894,51
58,39.32492,-82.099038,52
58,39.327393,-82.098835,53
58,39.327459,-82.09994,54
58,39.329011,-82.099784,55
58,39.329069,-82.099789,56
58,39.329115,-82.099864,57
58,39.329281,-82.102504,58
58,39.329198,-82.102638,59
58,39.327746,-82.102708,60
58,39.327534,-82.10259,61
58,39.327214,-82.102627,62
58,39.327119,-82.102659,63
58,39.32682,-82.102842,64
58,39.326302,-82.103244,65
58,39.326206,-82.103303,66
58,39.324638,-82.104081,67
58,39.324368,-82.104194,68
58,39.324069,-82.10429,69
58,39.322363,-82.104612,70
58,39.321127,-82.104988,71
58,39.320488,-82.105245,72
58,39.319683,-82.105465,73
58,39.319512,-82.105492,74
58,39.319392,-82.105567,75
58,39.319297,-82.105696,76
58,39.319234,-82.105722,77
58,39.31916,-82.105733,78
58,39.318977,-82.105706,79
58,39.318599,-82.105814,80
58,39.317711,-82.105969,81
58,39.317583,-82.105975,82
58,39.317275,-82.105942,83
58,39.316939,-82.105851,84
58,39.316628,-82.105706,85
58,39.315752,-82.10524,86
58,39.315694,-82.105224,87
58,39.315615,-82.105234,88
58,39.315574,-82.105288,89
58,39.315478,-82.105615,90
58,39.315433,-82.105991,91
58,39.315333,-82.106194,92
58,39.315217,-82.106286,93
58,39.3152,-82.106329,94
58,39.315196,-82.106393,95
58,39.315275,-82.106581,96
58,39.315507,-82.106752,97
58,39.315607,-82.106924,98
58,39.315632,-82.107015,99
58,39.315653,-82.107251,100
58,39.31564,-82.107391,101
58,39.31559,-82.107503,102
58,39.315462,-82.107664,103
58,39.315325,-82.107734,104
58,39.3152,-82.107761,105
58,39.314906,-82.107772,106
58,39.314877,-82.10775,107
58,39.314848,-82.107702,108
58,39.314814,-82.107423,109
60,39.315121,-82.102209,0
60,39.314876,-82.101517,1
60,39.314811,-82.101403,2
60,39.314762,-82.101372,3
60,39.314704,-82.101357,4
60,39.314208,-82.101624,5
60,39.314052,-82.101655,6
60,39.313907,-82.101624,7
60,39.313793,-82.101571,8
60,39.313686,-82.101471,9
60,39.31356,-82.101243,10
60,39.312889,-82.102013,11
60,39.312664,-82.102334,12
60,39.312362,-82.102898,13
60,39.312271,-82.103104,14
60,39.312191,-82.103348,15
60,39.31216,-82.103577,16
60,39.312549,-82.103623,17
60,39.313285,-82.103783,18
60,39.313625,-82.103875,19
60,39.314796,-82.104706,20
60,39.316482,-82.105622,21
60,39.316738,-82.105744,22
60,39.317096,-82.105874,23
60,39.317512,-82.105950000000007,24
60,39.317707,-82.105935,25
60,39.318004,-82.105828,26
60,39.318313,-82.10579,27
60,39.318603,-82.105691,28
60,39.318721,-82.105698,29
60,39.31884,-82.105652,30
60,39.318897,-82.105591,31
60,39.319061,-82.105317,32
60,39.319156,-82.105271,33
60,39.319206,-82.105271,34
60,39.3194,-82.105355,35
60,39.319656,-82.105393,36
60,39.322181,-82.104577,37
60,39.324039,-82.104249,38
60,39.324535,-82.104096,39
60,39.325588,-82.103562,40
60,39.326057,-82.103348,41
60,39.32637,-82.103158,42
60,39.326477,-82.103066,43
60,39.326412,-82.102974,44
60,39.326343,-82.102906,45
60,39.326133,-82.102761,46
60,39.325649,-82.102242,47
60,39.325268,-82.101522,48
60,39.326596,-82.101409,49
60,39.327518,-82.101311,50
60,39.327457,-82.09993,51
60,39.329109,-82.099785,52
60,39.329246,-82.102074,53
60,39.329261,-82.102562,54
60,39.32872,-82.102631,55
60,39.327877,-82.1027,56
60,39.327613,-82.1027,57
60,39.32761,-82.102578,58
60,39.327156,-82.102593,59
60,39.326221,-82.103257,60
60,39.324535,-82.104096,61
60,39.324039,-82.104249,62
60,39.322181,-82.104577,63
60,39.319656,-82.105393,64
60,39.319419,-82.105523,65
60,39.319328,-82.105591,66
60,39.319297,-82.105652,67
60,39.319248,-82.105698,68
60,39.31919,-82.105721,69
60,39.318962,-82.105706,70
60,39.318527,-82.105835,71
60,39.317611,-82.105950000000007,72
60,39.317512,-82.105950000000007,73
60,39.317096,-82.105874,74
60,39.316738,-82.105744,75
60,39.315326,-82.105019,76
60,39.314796,-82.104706,77
60,39.314304,-82.104363,78
60,39.313865,-82.104027,79
60,39.313625,-82.103875,80
60,39.312549,-82.103623,81
60,39.31216,-82.103577,82
60,39.312191,-82.103348,83
60,39.312271,-82.103104,84
60,39.312362,-82.102898,85
60,39.312664,-82.102334,86
60,39.312889,-82.102013,87
60,39.31356,-82.101243,88
60,39.313686,-82.101471,89
60,39.313793,-82.101571,90
60,39.313907,-82.101624,91
60,39.314052,-82.101655,92
60,39.314208,-82.101624,93
60,39.314704,-82.101357,94
60,39.314762,-82.101372,95
60,39.314811,-82.101403,96
60,39.314876,-82.101517,97
60,39.315093,-82.102128,98
88,39.314838,-82.107423,0
88,39.31483,-82.10733,1
88,39.31488,-82.10729,2
88,39.31513,-82.10727,3
88,39.31519,-82.1073,4
88,39.31522,-82.10742,5
88,39.31523,-82.10773,6
88,39.31534,-82.10771,7
88,39.31543,-82.10767,8
88,39.31549,-82.10762,9
88,39.31559,-82.10748,10
88,39.31562,-82.1074,11
88,39.31564,-82.10723,12
88,39.31564,-82.10705,13
88,39.31559,-82.10689,14
88,39.31551,-82.10675,15
88,39.31532,-82.10664,16
88,39.31519,-82.10649,17
88,39.31514,-82.10631,18
88,39.31522,-82.10628,19
88,39.31529,-82.10622,20
88,39.31533,-82.10617,21
88,39.31541,-82.106,22
88,39.31545,-82.10559,23
88,39.31559,-82.10516,24
88,39.3164,-82.10562,25
88,39.31662,-82.10572,26
88,39.31691,-82.10583,27
88,39.31712,-82.10589,28
88,39.31728,-82.10592,29
88,39.3176,-82.10594,30
88,39.31771,-82.10588,31
88,39.31833,-82.10578,32
88,39.31861,-82.10572,33
88,39.3188,-82.10566,34
88,39.31886,-82.10563,35
88,39.31899,-82.10549,36
88,39.31899,-82.10543,37
88,39.31901,-82.10537,38
88,39.31909,-82.10528,39
88,39.31913,-82.10526,40
88,39.31922,-82.10527,41
88,39.3193,-82.10535,42
88,39.31963,-82.10539,43
88,39.32008,-82.10522,44
88,39.32066,-82.10503,45
88,39.32089,-82.10499,46
88,39.3222,-82.10459,47
88,39.32407,-82.10423,48
88,39.32434,-82.10415,49
88,39.32455,-82.10408,50
88,39.32472,-82.104,51
88,39.32553,-82.10356,52
88,39.32587,-82.10334,53
88,39.32639,-82.10307,54
88,39.32651,-82.10303,55
88,39.32628,-82.10287,56
88,39.32603,-82.10266,57
88,39.32571,-82.10232,58
88,39.32552,-82.10203,59
88,39.32547,-82.10193,60
88,39.32531,-82.10152,61
88,39.32983,-82.10114,62
88,39.3306,-82.10106,63
88,39.3314,-82.10102,64
88,39.33225,-82.10094,65
88,39.33232,-82.10214,66
88,39.33236,-82.10235,67
88,39.33154,-82.10242,68
88,39.33099,-82.10241,69
88,39.32881,-82.10263,70
88,39.32841,-82.10264,71
88,39.32789,-82.10268,72
88,39.32762,-82.10273,73
88,39.32761,-82.10256,74
88,39.32709,-82.10261,75
88,39.32708,-82.10264,76
88,39.32702,-82.10269,77
88,39.32663,-82.10297,78
88,39.32639,-82.10307,79
88,39.32587,-82.10334,80
88,39.32546,-82.1036,81
88,39.32455,-82.10408,82
88,39.32407,-82.10423,83
88,39.3222,-82.10459,84
88,39.32089,-82.10499,85
88,39.32066,-82.10503,86
88,39.32008,-82.10522,87
88,39.31963,-82.10539,88
88,39.31949,-82.10549,89
88,39.31933,-82.10556,90
88,39.3193,-82.10563,91
88,39.31922,-82.10571,92
88,39.31912,-82.10571,93
88,39.31907,-82.10568,94
88,39.31886,-82.10572,95
88,39.31848,-82.10584,96
88,39.31772,-82.10596,97
88,39.31763,-82.10593,98
88,39.31752,-82.10594,99
88,39.31728,-82.10592,100
88,39.31691,-82.10583,101
88,39.31655,-82.10569,102
88,39.3164,-82.10562,103
88,39.31559,-82.10516,104
88,39.31545,-82.10559,105
88,39.31541,-82.106,106
88,39.31533,-82.10617,107
88,39.31529,-82.10622,108
88,39.31522,-82.10628,109
88,39.31514,-82.10631,110
88,39.31519,-82.10649,111
88,39.31532,-82.10664,112
88,39.31551,-82.10675,113
88,39.31559,-82.10689,114
88,39.31564,-82.10705,115
88,39.31564,-82.10723,116
88,39.31562,-82.1074,117
88,39.31559,-82.10748,118
88,39.31555,-82.10754,119
88,39.31549,-82.10762,120
88,39.31543,-82.10767,121
88,39.31534,-82.10771,122
88,39.31521,-82.10774,123
88,39.31498,-82.10776,124
88,39.31486,-82.10779,125
88,39.31484,-82.10747,126
